SubjectID	SessionID	BlockID	success_index	personal_effect_size	common_language_effect_size	mean_efp_neurofeedback	mean_efp_baseline	mean_vol_neurofeedback
EFP01	1	1	0.093445	-0.0538634444645699	0.541666666666667	-0.30298045	-0.2948842	0.485445
EFP01	1	2	-0.458404	-0.634373660804064	0.593333333333333	-0.290017258333333	-0.15632365	0.569399166666667
EFP01	1	3	-0.147358	-0.255529220634216	0.546666666666667	-0.248948875	-0.1913313	0.521737333333333
EFP01	1	4	-0.643515	-0.602680899322352	0.643333333333333	-0.229643316666667	-0.12062375	0.595824
EFP01	1	5	-0.856402	-0.807775055530366	0.7125	-0.143527783050847	0.0642966535	0.6377315
EFP01	2	1	0.249308	0.27384194148107	0.410833333333333	0.106122251666667	0.04464	0.463866
EFP01	2	2	-1.417748	-1.21294605355917	0.8075	-0.0991223666666667	0.11175225	0.762933333333333
EFP01	2	3	-0.022752	-0.0285373203348843	0.553333333333333	-0.0922187055	-0.088436605	0.4776655
EFP01	2	4	0.404355	0.389594726647826	0.363333333333333	-0.0617349061666667	-0.12283389	0.423954833333333
EFP01	2	5	0.128776	0.193136650196482	0.440833333333333	0.0460718305084746	0.01921221	0.479558666666667
EFP01	3	1	1.500692	1.44340882814126	0.1	0.2179276995	-0.14219504	0.188097
EFP01	3	2	-0.221698	-0.166797289146539	0.56	0.679274298333333	0.762595	0.557019333333333
EFP01	3	3	0.564417	0.534455799747464	0.293333333333333	0.393357792333333	0.1331897	0.396705166666667
EFP01	3	4	0.648293	0.465990391859852	0.365833333333333	0.877711666666667	0.7446715	0.3811435
EFP01	3	5	0.137117	0.159997041636293	0.430833333333333	0.605902144067797	0.52898005	0.464406333333333
EFP01	4	1	-0.167437	-0.198169226521608	0.6075	-0.0729517	0.00146807	0.582091333333333
EFP01	4	2	0.678522	0.468212439508187	0.338333333333333	-0.288009316666667	-0.39657355	0.366488666666667
EFP01	4	3	-0.683585	-0.696759807539854	0.580833333333333	-0.526998383333333	-0.3803942	0.577273666666667
EFP01	4	4	0.93648	0.921346439979805	0.261666666666667	-0.0538306466666667	-0.3817775	0.311954
EFP01	4	5	-1.370618	-1.16866518162483	0.808333333333333	0.0498446194915254	0.4797515	0.778758666666667
EFP01	5	1	-0.426317	-0.519517564004828	0.69	-0.334117981666667	-0.113068555	0.627421666666667
EFP01	5	2	0.62275	0.5005253953793	0.333333333333333	-0.6966505	-0.834649	0.356883
EFP01	5	3	1.523068	1.4479074696238	0.120833333333333	-0.288688705	-0.698385	0.1992695
EFP01	5	4	-0.566515	-0.637737285807956	0.703333333333333	-0.400438366666667	-0.12845855	0.638125166666667
EFP01	5	5	0.017885	0.0199601779826815	0.523333333333333	-0.447758338983051	-0.45673493	0.5237275
EFP01	6	1	0.721751	0.903635378132639	0.265	1.11622271666667	0.6866845	0.358807333333333
EFP01	6	2	-0.134256	-0.224519317364547	0.505416666666667	1.0074905	1.0840945	0.51831
EFP01	6	3	0.577032	0.359961575414128	0.405833333333333	1.11550433333333	0.943348	0.379663166666667
EFP01	6	4	0.524746	0.500132357438432	0.3525	0.793947166666667	0.63013815	0.394828166666667
EFP01	6	5	1.224548	1.14906554047766	0.2275	1.27425728813559	0.8437815	0.298749333333333
EFP01	7	1	-0.399421	-0.302835259698218	0.6225	0.284143531666667	0.381867	0.6072545
EFP01	7	2	0.15121	0.130699542040226	0.480833333333333	0.138486776166667	0.11560041	0.484900166666667
EFP01	7	3	-0.087415	-0.0817885474735408	0.511666666666667	0.10707626	0.122789205	0.51758
EFP01	7	4	0.303294	0.130346671882472	0.419166666666667	0.150350041666667	0.127316274	0.4469705
EFP01	7	5	-0.284734	-0.290928962701362	0.579166666666667	0.155479606779661	0.21189985	0.560768
EFP01	8	1	-0.813671	-0.743200894816517	0.649166666666667	0.184625885	0.42838675	0.604711166666667
EFP01	8	2	-0.025454	-0.071360161017424	0.5375	0.104165718333333	0.11968605	0.514998166666667
EFP01	8	3	0.693759	0.626148918088502	0.34	0.317875888333333	0.14816707145	0.356856333333333
EFP01	8	4	0.245012	0.25615651340629	0.420833333333333	0.34368845	0.259082485	0.454072666666667
EFP01	8	5	-0.407198	-0.401800334612062	0.603333333333333	0.328874694915254	0.4652455	0.586082166666667
EFP01	9	1	0.867046	0.766232381225962	0.2775	-0.16058285	-0.407003	0.344986666666667
EFP01	9	2	0.139014	-0.00163286784670906	0.476666666666667	-0.0753492883333333	-0.07482135	0.474384666666667
EFP01	9	3	1.35064	1.18235219823407	0.195	-0.31936665	-0.63346	0.254720166666667
EFP01	9	4	1.118593	1.02725922349085	0.2025	-0.190531183333333	-0.62509005	0.258514833333333
EFP01	9	5	-0.20968	-0.194050875969935	0.554166666666667	-0.136834851186441	-0.06610711	0.558087333333333
EFP02	1	1	0.093445	-0.0538634444645699	0.541666666666667	-0.30298045	-0.2948842	0.485445
EFP02	1	2	-0.458404	-0.634373660804064	0.593333333333333	-0.290017258333333	-0.15632365	0.569399166666667
EFP02	1	3	-0.147358	-0.255529220634216	0.546666666666667	-0.248948875	-0.1913313	0.521737333333333
EFP02	1	4	-0.643515	-0.602680899322352	0.643333333333333	-0.229643316666667	-0.12062375	0.595824
EFP02	1	5	-0.856402	-0.807775055530366	0.7125	-0.143527783050847	0.0642966535	0.6377315
EFP02	2	1	0.739021	0.504727966675286	0.350833333333333	-0.227629808333333	-0.3298818	0.353452166666667
EFP02	2	2	0.153769	0.169568655753803	0.449166666666667	-0.166026093333333	-0.2035359	0.477443
EFP02	2	3	-0.515288	-0.683638518537691	0.655	-0.13693247	0.04258524	0.571880666666667
EFP02	2	4	-0.436081	-0.341646262797858	0.619166666666667	-0.105016708333333	-0.02929975	0.590453333333333
EFP02	2	5	-1.344266	-1.19466261015631	0.709166666666667	-0.187300745762712	0.07216002	0.6496855
EFP02	3	1	0.786898	0.72046907836338	0.306666666666667	-0.1752417	-0.37383045	0.358482
EFP02	3	2	-0.096917	-0.134469845345241	0.501666666666667	-0.269855831666667	-0.2302856	0.521826333333333
EFP02	3	3	-0.050324	0.0501130216895966	0.5125	-0.2791580905	-0.29006715	0.510875333333333
EFP02	3	4	-1.118773	-0.979310731241076	0.744166666666667	-0.158196366666667	0.1422356	0.6512585
EFP02	3	5	-1.09413	-1.24214854870493	0.79	-0.121897318644068	0.199140805	0.6833545
EFP02	4	1	0.317056	0.0931276992411337	0.4325	-0.22245875	-0.2444453	0.45185
EFP02	4	2	0.261569	0.155142167570743	0.439166666666667	-0.102028721666667	-0.14474575	0.456295833333333
EFP02	4	3	-0.736113	-0.692467704235552	0.704166666666667	0.0651225733333333	0.248170625	0.650365833333333
EFP02	4	4	-1.305421	-1.15673285806159	0.780833333333333	0.115646121666667	0.531482155	0.706788666666667
EFP02	4	5	-0.452764	-0.331786626515396	0.588333333333333	0.0709997966101695	0.1930465	0.5110645
EFP02	5	1	0.132242	0.0471784993598333	0.466666666666667	-0.260203736666667	-0.2734685	0.4838465
EFP02	5	2	-0.661693	-0.566784333173574	0.66	-0.00764739833333334	0.130907215	0.630041333333333
EFP02	5	3	-0.196975	-0.106521441112999	0.529166666666667	0.0216775016666667	0.052693595	0.536155166666667
EFP02	5	4	-0.489589	-0.445763679220635	0.615416666666667	0.194596443333333	0.4127558	0.585548333333333
EFP02	5	5	-0.106591	-0.162058266713064	0.558333333333333	0.190314642372881	0.26554145	0.515141166666667
EFP02	6	1	-0.347647	-0.430862184358332	0.656666666666667	-0.126393716666667	0.00843245	0.5911195
EFP02	6	2	-0.655848	-0.550370001152919	0.639166666666667	0.08561162	0.32714715	0.625807166666667
EFP02	6	3	0.356533	0.366094184309113	0.405	0.0320650666666667	-0.16628325	0.430096
EFP02	6	4	0.296697	0.129865564868964	0.458333333333333	0.173467216666667	0.09680546	0.435485166666667
EFP02	6	5	-0.195556	-0.214569414710785	0.539166666666667	0.0509492033898305	0.168254535	0.536262833333333
EFP02	7	1	0.506139	0.359939403279136	0.4175	-0.02492945	-0.1390592	0.402016
EFP02	7	2	-0.45097	-0.626907532302779	0.663333333333333	-0.129748466666667	0.0641089	0.595462833333333
EFP02	7	3	-1.07668	-1.00251356755949	0.793333333333333	0.0724830583333333	0.4104167	0.7067635
EFP02	7	4	-1.200428	-1.10062310139681	0.794166666666667	0.184858939666667	0.48824455	0.725551666666667
EFP02	7	5	-0.920373	-0.800208267734926	0.694166666666667	0.235197525423729	0.55508355	0.605786
EFP02	8	1	0.69478	0.714369970772702	0.290833333333333	-0.010373915	-0.16565316	0.360762333333333
EFP02	8	2	0.070999	0.108500118281758	0.399166666666667	0.0496259583333333	0.01744455	0.490315
EFP02	8	3	0.16746	-0.0175269443830063	0.435	0.023729435	0.02867615	0.476937666666667
EFP02	8	4	0.883335	0.689280140819401	0.271666666666667	0.0378791983333333	-0.13480405	0.358218166666667
EFP02	8	5	-0.800498	-0.889445437503534	0.715833333333333	0.239349254237288	0.54592395	0.624094166666667
EFP02	9	1	0.703596	0.629613438063684	0.36	-0.09207804	-0.1965091	0.377256666666667
EFP02	9	2	-0.250604	-0.32470410680456	0.6325	0.0909127176666667	0.19304233	0.56969
EFP02	9	3	-0.355282	-0.333757744806521	0.555	0.17322475	0.26668964	0.552706
EFP02	9	4	-0.598192	-0.616270815555023	0.651666666666667	0.173074718333333	0.35579833	0.599741833333333
EFP02	9	5	-0.911393	-0.908245788953585	0.719166666666667	0.0312871728813559	0.24466735	0.661122166666667
EFP02	10	1	0.607283	0.567915073051638	0.326666666666667	-0.000276368333333333	-0.1107534	0.382082333333333
EFP02	10	2	-1.384287	-1.29075055954838	0.7225	-0.107874614666667	0.1773581	0.661438333333333
EFP02	10	3	0.264078	0.151094977084312	0.444166666666667	0.133535196666667	0.0895521	0.385592833333333
EFP02	10	4	-1.347842	-1.13111123029214	0.730833333333333	0.110400528333333	0.4524039	0.681053833333333
EFP02	10	5	-0.272644	-0.0201884171459819	0.514166666666667	0.238049850847458	0.24428565	0.480087
EFP03	1	1	-0.105259	-0.195426577752921	0.5425	-0.0882503733333333	-0.0491764	0.5142065
EFP03	1	2	-1.124905	-0.904719079822532	0.714166666666667	0.0508541559833333	0.217599025	0.689833666666667
EFP03	1	3	-0.999434	-0.916750638356612	0.685	0.0536218966666667	0.2734557	0.606969166666667
EFP03	1	4	-0.437416	-0.670547412362423	0.5825	0.013902337	0.139257775	0.5592685
EFP03	1	5	0.076683	0.0051969094238688	0.4925	0.0293257447457627	0.02841745	0.486667166666667
EFP03	2	1	-0.663486	-0.68315467348299	0.664166666666667	-0.513622	-0.3794663	0.600056833333333
EFP03	2	2	-0.620221	-0.590535260595561	0.679166666666667	-0.448884916666667	-0.318579	0.630830166666667
EFP03	2	3	-1.168053	-1.06952227327952	0.7575	-0.488328	-0.2524647	0.6830365
EFP03	2	4	0.007485	0.00877219048105248	0.484166666666667	-0.5708372	-0.5729075	0.465629833333333
EFP03	2	5	-0.470168	-0.434727051284868	0.623333333333333	-0.523105745762712	-0.42187685	0.58584
EFP03	3	1	0.039089	0.104937712928408	0.521666666666667	-0.15893926	-0.1891689	0.494832333333333
EFP03	3	2	0.111204	0.185323926084164	0.436666666666667	0.04326649	0.00721909999999999	0.484816
EFP03	3	3	0.720975	0.62595917789059	0.33	0.132841358333333	-0.03514552	0.374123833333333
EFP03	3	4	0.848936	0.721242248286795	0.309166666666667	0.215269816666667	0.05170615	0.341528666666667
EFP03	3	5	0.520627	0.558199286905356	0.225833333333333	0.201693862711864	0.0348882615	0.306357166666667
EFP03	4	1	0.259551	0.0579700557846684	0.509166666666667	-0.149895563333333	-0.16577545	0.454753333333333
EFP03	4	2	0.417012	0.519555037584157	0.349166666666667	-0.0770482066666667	-0.20217985	0.4194165
EFP03	4	3	0.302721	0.241061558496859	0.427916666666667	-0.00750686050000001	-0.0781857	0.439962166666667
EFP03	4	4	1.004868	0.91616999198094	0.251666666666667	0.01568618	-0.230256631	0.318911833333333
EFP03	4	5	0.609872	0.779073244155431	0.34	-0.131343618644068	-0.37409365	0.406806833333333
EFP03	5	1	0.190176	0.125191638977987	0.470833333333333	-0.120740597333333	-0.15375045	0.457422666666667
EFP03	5	2	0.346394	0.386960775083609	0.388333333333333	-0.0615736233333333	-0.18511034	0.424509166666667
EFP03	5	3	-0.17481	-0.110384191797399	0.5125	-0.196254713333333	-0.17149191	0.526961666666667
EFP03	5	4	-0.906563	-0.776497180682883	0.715833333333333	-0.275775616666667	-0.00205680999999999	0.701983666666667
EFP03	5	5	0.274204	0.00250828784965883	0.474166666666667	-0.126156183559322	-0.1266899	0.4514555
EFP03	6	1	2.361855	1.89586772910874	0.06	0.5994703	0.13579572	0.116752
EFP03	6	2	2.323033	2.00422085184479	0.0775	0.517027731666667	0.103670945	0.151133333333333
EFP03	6	3	0.73555	0.704103501572446	0.2975	0.3848807	0.234712795	0.347389333333333
EFP03	6	4	0.312332	0.273828103425181	0.4	0.269024328333333	0.180199075	0.411677666666667
EFP03	6	5	1.026795	0.926631076654323	0.215	0.214221413559322	0.00390439999999999	0.279274333333333
EFP03	7	1	0.169217	0.0156362981612359	0.511666666666667	0.0264988333333333	0.0220316	0.471689166666667
EFP03	7	2	-1.060619	-0.958352327130555	0.766666666666667	-0.36941929	0.02347232	0.727916166666667
EFP03	7	3	-1.257334	-1.22681075238905	0.855833333333333	-0.31383965	0.27185515	0.779934333333334
EFP03	7	4	0.243373	0.524776147246068	0.381666666666667	-0.101431283333333	-0.28213948	0.410568333333333
EFP03	7	5	0.227284	0.271883418159057	0.424166666666667	-0.048577606779661	-0.1241385	0.454057833333333
EFP03	8	1	1.145979	1.16865458298512	0.165	0.466405983333333	0.19262825	0.238014333333333
EFP03	8	2	0.054518	0.0589530433512674	0.476666666666667	0.359950383333333	0.3418288	0.486629333333333
EFP03	8	3	0.291823	0.230159255973838	0.396666666666667	0.365657666666667	0.2984916	0.406176333333333
EFP03	8	4	-0.607644	-0.445760597887628	0.64	0.299022416666667	0.4132366	0.6344655
EFP03	8	5	0.402397	0.408140147120809	0.385	0.293489881355932	0.156202185	0.415951
EFP04	1	1	0.478433	0.402741366161612	0.418333333333333	0.111851595	0.039379838	0.438540166666667
EFP04	1	2	0.005202	0.0877865942750352	0.456666666666667	-0.0273761766666667	-0.04938095	0.4996105
EFP04	1	3	0.189024	0.243266510090666	0.454166666666667	-0.0405141466666667	-0.0854157795	0.465183166666667
EFP04	1	4	-0.233297	-0.27360853185111	0.519166666666667	-0.11777408	-0.00812989999999999	0.520061666666667
EFP04	1	5	-1.066828	-1.10730877197802	0.788333333333333	-0.259180393220339	0.094761605	0.727007666666667
EFP04	2	1	0.547003	0.662144333208127	0.375833333333333	0.0874724583333333	-0.049901095	0.422772833333333
EFP04	2	2	0.208493	0.029958585248591	0.4325	-0.0782980433333333	-0.0908001	0.4607985
EFP04	2	3	-0.450509	-0.490941697812466	0.594166666666667	-0.224891649666667	-0.0577545	0.5680905
EFP04	2	4	-0.413611	-0.310573100739574	0.554166666666667	-0.265094178333333	-0.1852717	0.570255833333333
EFP04	2	5	-0.221816	-0.149176669486106	0.505833333333333	-0.343122488135593	-0.29603097	0.538029
EFP04	3	1	-0.225714	-0.113282974772174	0.495833333333333	-0.198515883333333	-0.15185145	0.532761
EFP04	3	2	1.120326	0.990380609442694	0.234166666666667	-0.00526941666666667	-0.2540762	0.304520166666667
EFP04	3	3	0.963722	0.696667473830064	0.3075	-0.108614588333333	-0.286870675	0.312901833333333
EFP04	3	4	-0.798707	-0.74007838086521	0.715833333333333	-0.0292115866666667	0.1941761	0.647512166666667
EFP04	3	5	-1.144486	-0.970861763399884	0.761666666666667	-0.417225218644068	-0.06237435	0.732159333333333
EFP04	4	1	0.380903	0.311437663289554	0.399166666666667	-0.0154933166666667	-0.1115909	0.444586
EFP04	4	2	-0.793194	-0.723847837976049	0.743333333333333	-0.152185505	0.093960675	0.694706
EFP04	4	3	0.372553	0.249771939369306	0.360833333333333	-0.149389216666667	-0.23566285	0.3820545
EFP04	4	4	1.053741	1.08592789549782	0.2125	0.009771615	-0.2673883	0.300022166666667
EFP04	4	5	1.018025	0.945119353562087	0.195	0.0194402949152542	-0.282107815	0.358292
EFP04	5	1	-0.490414	-0.288035053135549	0.588333333333333	-0.314662483333333	-0.24112925	0.5695345
EFP04	5	2	-0.749054	-0.762778345012934	0.71	-0.354580523333333	-0.15404265	0.652573166666667
EFP04	5	3	-0.964504	-0.870785618251895	0.760833333333333	-0.47831	-0.27052375	0.654361166666667
EFP04	5	4	-0.46398	-0.400169308645096	0.610833333333333	-0.402720998333333	-0.2549225875	0.581305166666667
EFP04	5	5	0.287846	0.207557077024425	0.418333333333333	-0.313435908305085	-0.3979556	0.436913666666667
EFP04	6	1	-0.321627	-0.322844669007231	0.55	-0.319125841666667	-0.19469	0.546019333333333
EFP04	6	2	-0.038644	0.0373049196465371	0.465833333333333	-0.0939083716666667	-0.10248455	0.503375166666667
EFP04	6	3	-1.234432	-1.04975911706522	0.775	-0.282072033333333	0.03162945	0.7093885
EFP04	6	4	0.503392	0.294790365673584	0.421666666666667	-0.07819647	-0.1397671	0.362550833333333
EFP04	6	5	0.100865	0.0541356132099053	0.440833333333333	-0.0349199727118644	-0.04592975	0.481861666666667
EFP04	7	1	1.866218	1.65559361375854	0.205833333333333	-0.0349359816666667	-0.7241243	0.295037333333333
EFP04	7	2	-0.401536	-0.368517254190231	0.555	-0.0532479346666667	0.0285363	0.557704833333333
EFP04	7	3	0.501052	0.327887096702239	0.495833333333333	-0.147903033333333	-0.25418109	0.440804333333333
EFP04	7	4	2.08791	1.50846914074329	0.1725	-0.101488768333333	-0.519109	0.232445666666667
EFP04	7	5	-1.19648	-1.05004070118472	0.795	-0.32225406779661	0.2369565	0.762879
EFP04	8	1	0.091778	-0.0331865417562717	0.55	-0.351068513333333	-0.3348118	0.485916166666667
EFP04	8	2	0.678459	0.559566674893996	0.36	-0.291820458333333	-0.529935305	0.389053333333333
EFP04	8	3	-0.292623	-0.234558940032415	0.555833333333333	-0.289109726666667	-0.1949334	0.557471
EFP04	8	4	0.250884	0.259117239740311	0.3875	-0.507797441666667	-0.6426025	0.446406833333333
EFP04	8	5	-0.859834	-0.879203627461823	0.749166666666667	-0.399387386440678	-0.004770055	0.6881545
EFP04	9	1	-0.382981	-0.336493830163494	0.6225	-0.0367295366666667	0.073668775	0.5973625
EFP04	9	2	0.257267	0.164671222553028	0.421666666666667	-0.0208780976666667	-0.06714345	0.433225666666667
EFP04	9	3	0.549967	0.308940732309717	0.416666666666667	0.107329671666667	0.015907185	0.3956755
EFP04	9	4	0.599454	0.539261246577601	0.356666666666667	0.0775683966666667	-0.101690645	0.395871833333333
EFP04	9	5	1.082527	1.03970026598695	0.196666666666667	0.096511293220339	-0.2062703	0.275430333333333
EFP05	1	1	0.562792	0.582439464053573	0.3475	-0.067450865	-0.15845785	0.3982515
EFP05	1	2	-0.274688	-0.29743358075069	0.558333333333333	-0.0358197466666667	0.022360905	0.546593166666667
EFP05	1	3	-0.853273	-1.02624459313177	0.68	0.00838391	0.3409946	0.604434166666667
EFP05	1	4	0.187234	0.18689108642431	0.455	-0.131853851666667	-0.17720892	0.472056666666667
EFP05	1	5	0.552374	0.546392815732161	0.36	-0.161791350847458	-0.26221005	0.423287833333333
EFP05	2	1	-0.887165	-0.867500312373074	0.763333333333333	-0.0791039083333333	0.15938205	0.690104166666667
EFP05	2	2	-1.669699	-1.44206413738198	0.86	-0.206299826666667	0.06160475	0.785680333333333
EFP05	2	3	-1.285083	-1.32178701246003	0.824166666666667	-0.195498976666667	0.09868155	0.573406666666667
EFP05	2	4	-0.408678	-0.445056930986526	0.641666666666667	-0.179761741666667	-0.103966655	0.534073166666667
EFP05	2	5	-1.202672	-0.938673732866805	0.6925	-0.197155538983051	-0.00490905	0.673711
EFP05	3	1	-0.578972	-0.466847350291382	0.628333333333333	-0.0201003433333333	0.07565855	0.620241
EFP05	3	2	-0.094012	-0.101789945887512	0.485833333333333	0.0668962775	0.0886091	0.515573333333333
EFP05	3	3	-0.584934	-0.677306750252708	0.710833333333333	-0.0201763416666667	0.169945	0.607191666666667
EFP05	3	4	-0.064188	-0.175047259028358	0.566666666666667	-0.080889465	-0.02724352	0.511027833333333
EFP05	3	5	-0.721406	-0.806756610739236	0.685833333333333	-0.0518365254237288	0.1542155	0.6343015
EFP05	4	1	-0.266052	-0.213975434060889	0.555	0.0621318866666667	0.114081825	0.560720166666667
EFP05	4	2	-0.390347	-0.397087330683397	0.628333333333333	0.125612011666667	0.26014345	0.588563333333333
EFP05	4	3	-0.417426	-0.44370884366468	0.605833333333333	0.0491015316666667	0.16352305	0.580255166666667
EFP05	4	4	-0.03912	-0.138655208166334	0.525	0.05470867	0.08252262	0.501327666666667
EFP05	4	5	0.957554	0.964817829001378	0.24	0.382566281355932	0.178834345	0.312171333333333
EFP05	5	1	0.743386	0.663071672502615	0.311666666666667	-0.173632975	-0.3744749	0.348356333333333
EFP05	5	2	0.075453	0.12226040058041	0.480833333333333	-0.0235547133333333	-0.059258525	0.494158333333333
EFP05	5	3	0.820994	0.796678489545183	0.259166666666667	0.11060817	-0.22938985	0.349874833333333
EFP05	5	4	0.993395	0.86165733011699	0.264166666666667	0.09949452	-0.28605435	0.305872333333333
EFP05	5	5	0.600827	0.648434618140585	0.298333333333333	0.0423759169491525	-0.219494	0.382684833333333
EFP05	6	1	0.759789	0.705943564501905	0.295	0.398845516666667	0.1245811	0.339660833333333
EFP05	6	2	1.732147	1.68627830101243	0.0966666666666667	0.341614978333333	-0.26633116	0.190465333333333
EFP05	6	3	1.614898	1.6115354130455	0.0925	0.5121557	-0.01396892	0.2024535
EFP05	6	4	1.642659	1.78615647026139	0.0983333333333333	0.591143083333333	-0.01123316	0.220265
EFP05	6	5	1.659215	1.74445133715992	0.0908333333333333	0.618140101694915	-0.0375552	0.2100885
EFP05	7	1	1.76895	1.81000330875952	0.0675	0.603433116666667	0.202289	0.1780355
EFP05	7	2	1.268162	1.3404822480953	0.123333333333333	0.52684705	0.25185895	0.219165333333333
EFP05	7	3	1.318928	1.38166761717054	0.155833333333333	0.717269183333333	0.37137615	0.2627345
EFP05	7	4	1.339195	1.38519990772731	0.165	0.802027666666667	0.48018235	0.268414666666667
EFP05	7	5	1.534032	1.46020573103197	0.125833333333333	0.786487457627119	0.472346	0.213934
EFP05	8	1	1.593502	1.43627224161874	0.165	0.441827383333333	0.08334815	0.251763833333333
EFP05	8	2	1.784456	1.82622982070173	0.0516666666666667	0.51994294	0.051166165	0.169022666666667
EFP05	8	3	1.857153	1.8785983813852	0.0833333333333333	0.616669133333333	0.11720105	0.186553833333333
EFP05	8	4	1.917846	1.79197719876731	0.0858333333333333	0.41832035	-0.019000441	0.1604065
EFP05	8	5	2.127306	2.13841162343197	0.0483333333333333	0.749580220338983	0.1703908	0.165130833333333
EFP05	9	1	0.779004	0.773666126846872	0.260833333333333	0.114963148333333	-0.16828085	0.318556833333333
EFP05	9	2	1.034861	1.07496896117137	0.198333333333333	0.170480775	-0.183305	0.297380666666667
EFP05	9	3	1.332907	1.3256946284484	0.165833333333333	0.086065005	-0.17379385	0.267311166666667
EFP05	9	4	0.403268	0.551324557831928	0.344166666666667	0.254180433333333	0.05445538	0.418405
EFP05	9	5	1.662822	1.70648941571614	0.1725	0.178990559322034	-0.41636245	0.239380666666667
EFP05	10	1	1.138293	1.16743594319665	0.180833333333333	0.540384033333333	0.0692074	0.272604166666667
EFP05	10	2	1.127769	1.11757610934207	0.200833333333333	0.629937316666667	0.17452439	0.265147833333333
EFP05	10	3	1.412208	1.42720345717701	0.149166666666667	0.70185055	0.03577791	0.218397666666667
EFP05	10	4	2.017517	2.01989213515656	0.0583333333333333	0.9074145	0.23796695	0.1624545
EFP05	10	5	2.572179	2.56525992096088	0.0283333333333333	0.930143762711864	0.0678973	0.1303695
EFP06	1	1	-1.982064	-1.96016561019008	0.935	-0.344680216666667	-0.09121791	0.821105333333333
EFP06	1	2	-1.113525	-1.11380826466413	0.789166666666667	-0.352000416666667	-0.175451875	0.516347
EFP06	1	3	-0.187046	-0.243014743399741	0.505	-0.457946533333333	-0.40918675	0.504360666666667
EFP06	1	4	-1.548471	-1.56046196093293	0.884166666666667	-0.45877815	-0.15763539	0.779905666666667
EFP06	1	5	-0.312733	-0.36244566601566	0.5575	-0.460412711864407	-0.4214155	0.441668
EFP06	2	1	-0.843275	-0.73722186384378	0.709166666666667	-0.153559153333333	-0.05353723	0.663904
EFP06	2	2	-1.522161	-1.48131680533433	0.843333333333333	-0.174666533333333	0.02248813	0.7089205
EFP06	2	3	-1.011348	-0.978233036366801	0.691666666666667	-0.109563885	0.05132815	0.519230666666667
EFP06	2	4	-0.643054	-0.715948355543633	0.675833333333333	-0.0976659816666667	0.0422151	0.589190333333333
EFP06	2	5	-0.963248	-1.05616674133853	0.763333333333333	-0.0955796864406779	0.0535911	0.705552333333333
EFP06	3	1	-1.137728	-0.976978507677768	0.740833333333333	-0.157977241666667	0.04939935	0.695460666666667
EFP06	3	2	-0.637218	-0.518102224902512	0.649166666666667	-0.113313595	0.0126732025	0.583839666666667
EFP06	3	3	-0.86867	-0.881526442884578	0.768333333333333	-0.0933074583333333	0.1146237555	0.695582666666667
EFP06	3	4	-1.327118	-1.33336734695522	0.811666666666667	-0.22396835	0.15764015	0.722102833333333
EFP06	3	5	-0.653037	-0.611652533115698	0.650833333333333	-0.0578532949152542	0.06451865	0.541058
EFP06	4	1	-0.392441	-0.286007730223869	0.5275	0.0967858933333333	0.189328	0.554662666666667
EFP06	4	2	1.316613	1.29383621645453	0.190833333333333	0.589709783333333	0.22622305	0.295014
EFP06	4	3	0.267352	0.233815073581621	0.429166666666667	0.633862341666667	0.559885	0.441652333333333
EFP06	4	4	-0.301698	-0.300510135292827	0.59	0.283022713333333	0.4007271785	0.571812
EFP06	4	5	0.112598	-0.0183895327138458	0.498333333333333	0.093823006779661	0.10267945	0.478745166666667
EFP06	5	1	-0.361703	-0.275462040069844	0.555	-0.174567733333333	-0.12727405	0.571449833333333
EFP06	5	2	-0.479395	-0.62574104415332	0.679166666666667	-0.2850838	-0.114381435	0.603391166666667
EFP06	5	3	-0.948843	-0.812886244768082	0.653333333333333	-0.0757681566666667	0.149898165	0.6346725
EFP06	5	4	-0.087772	-0.0276777055317656	0.51	-0.0873849	-0.0800954	0.5135755
EFP06	5	5	0.057206	-0.0823994465646496	0.543333333333333	-0.0885812542372881	-0.05757875	0.492943
EFP07	1	1	0.146181	0.0123707213561944	0.5	0.0380996	0.034186635	0.468425666666667
EFP07	1	2	0.554345	0.511496052690501	0.346666666666667	0.353346216666667	0.1555163	0.396603
EFP07	1	3	-0.522236	-0.418763719955187	0.615	0.435972013333333	0.587105	0.609787333333333
EFP07	1	4	0.013575	0.11652686025649	0.431666666666667	0.532044216666667	0.47685725	0.500382666666667
EFP07	1	5	-0.819903	-0.918116037183667	0.755	0.33284213559322	0.68495125	0.676417666666667
EFP07	2	1	-0.093386	-0.211793438867388	0.571666666666667	0.0350612716666667	0.1094534	0.516328333333333
EFP07	2	2	0.723875	0.796136390463435	0.251666666666667	0.43259254	0.05668685	0.330756
EFP07	2	3	0.662109	0.552238257879582	0.35	0.690296716666667	0.422417	0.380631166666667
EFP07	2	4	0.192836	0.225589130343019	0.431666666666667	0.654755666666667	0.522444	0.463710166666667
EFP07	2	5	-1.195046	-1.12968233927188	0.78	0.0239042169491525	0.3693287135	0.726958166666667
EFP07	3	1	1.161602	1.14782092974884	0.2075	-0.172298966666667	-0.6230405	0.3143745
EFP07	3	2	1.200898	1.02358047612143	0.198333333333333	0.237434733333333	-0.1498341	0.250358833333333
EFP07	3	3	0.588337	0.598336639936701	0.296666666666667	0.280862616666667	-0.0799016	0.386684333333333
EFP07	3	4	0.141215	0.0947839246188833	0.446666666666667	0.225961666666667	0.163912905	0.439092166666667
EFP07	3	5	0.566257	0.563096760908927	0.32	0.323820508474576	-0.02022665	0.3910685
EFP07	4	1	-0.568553	-0.531262158170069	0.618333333333333	-0.07415332	0.12003445	0.587013666666667
EFP07	4	2	-0.033098	-0.0268043583155891	0.494166666666667	-0.017158445	-0.00601965	0.50122
EFP07	4	3	0.824925	0.843180451357158	0.275	0.5897742	0.18783915	0.354611166666667
EFP07	4	4	-0.298568	-0.269069286573621	0.5875	0.982820316666667	1.118089	0.570272833333333
EFP07	4	5	0.029421	0.0815876288788118	0.465833333333333	0.916951537288136	0.8726647	0.494476333333333
EFP07	5	1	0.557294	0.53904730344046	0.33	0.308541006666667	0.0821165	0.387228
EFP07	5	2	-0.420291	-0.327482575948137	0.588333333333333	0.667491881666667	0.793232	0.578311833333333
EFP07	5	3	-0.02271	-0.0797963271146532	0.5475	0.640682733333333	0.676619	0.504161166666667
EFP07	5	4	-0.005464	0.0402269182892675	0.468333333333333	0.759510733333333	0.743591	0.500943666666667
EFP07	5	5	0.147249	-0.0292475976817809	0.5425	0.628222101694915	0.6395696	0.4763725
EFP07	6	1	0.087072	0.0500217667432838	0.489166666666667	-0.00152321666666666	-0.02589314	0.4796385
EFP07	6	2	-0.111282	-0.121215037239179	0.538333333333333	0.347033599666667	0.40976412	0.526896166666667
EFP07	6	3	-0.742632	-0.833413590366517	0.728333333333333	0.209469	0.59155133	0.6477675
EFP07	6	4	0.417627	0.38837838705238	0.398333333333333	-0.222207016666667	-0.47667695	0.422236333333333
EFP07	6	5	-0.82229	-0.898243699949159	0.740833333333333	-0.582680830508475	-0.0765575	0.668439333333333
EFP07	7	1	-0.081548	-0.266724529085184	0.570833333333333	-0.416459696666667	-0.30339115	0.514615666666667
EFP07	7	2	-0.466715	-0.367370529218534	0.603333333333333	-0.193857218333333	-0.05732365	0.585948166666667
EFP07	7	3	1.775182	1.72639715569715	0.0891666666666667	0.27300572	-0.5516696	0.195843
EFP07	7	4	0.389223	0.399020594966918	0.391666666666667	0.47567795	0.23829045	0.427733833333333
EFP07	7	5	-0.256121	-0.206014469556887	0.5625	0.0856315149152542	0.1821937	0.560597666666667
EFP07	8	1	-0.27108	-0.276661118182049	0.585833333333333	0.04599415	0.17183935	0.568957
EFP07	8	2	0.508829	0.38014334907145	0.4025	0.5799725	0.386672215	0.400983833333333
EFP07	8	3	0.034688	-0.011629120248815	0.509166666666667	0.555888866666667	0.56160585	0.494515833333333
EFP07	8	4	-0.833825	-0.93725686096286	0.74	0.3302842	0.85834845	0.6288965
EFP07	8	5	-0.027676	-0.0801315655683652	0.513333333333333	0.283190559322034	0.318039605	0.509620666666667
EFP07	9	1	-0.694239	-0.698748137477416	0.691666666666667	-0.418537066666667	-0.15336705	0.639956333333333
EFP07	9	2	0.103523	0.123827809247602	0.485	0.216261371666667	0.1813753	0.4890465
EFP07	9	3	-0.28231	-0.231478329738818	0.570833333333333	-0.02167269	0.0553117	0.555627666666667
EFP07	9	4	0.370563	0.309805870076065	0.388333333333333	0.256563898333333	0.1343052705	0.400503666666667
EFP07	9	5	0.303713	0.300217396720754	0.427916666666667	0.173067898305085	0.01765545	0.445462166666667
EFP07	10	1	0.019191	0.0213579406499589	0.495416666666667	-0.491325591666667	-0.4977825	0.498036666666667
EFP07	10	2	0.309986	0.30012884901266	0.419166666666667	-0.223279458333333	-0.32732921	0.443382833333333
EFP07	10	3	0.11226	-0.0228713188115748	0.535	0.0660857066666667	0.07650217	0.484620833333333
EFP07	10	4	0.186308	0.0536651055875785	0.444166666666667	0.0714270483333333	0.04722865	0.4559235
EFP07	10	5	-0.484797	-0.303318603614521	0.576666666666667	-0.333877508474576	-0.2038055	0.5934605
EFP08	1	1	0.695232	0.733008551604916	0.298333333333333	0.216629275	-0.011361005	0.356758666666667
EFP08	1	2	-0.751741	-0.75377829651415	0.6975	0.0727468333333333	0.2489746	0.633034166666667
EFP08	1	3	-0.458953	-0.374368056157676	0.585	-0.00644244666666667	0.08943746	0.575741166666667
EFP08	1	4	-1.144353	-1.18422973665893	0.765	0.00270925	0.25382215	0.669341
EFP08	1	5	-0.224657	-0.0330929591543242	0.521666666666667	-0.0118035440677966	-0.00473375	0.5281095
EFP08	2	1	-0.544979	-0.475252911395165	0.665833333333333	0.00911047666666667	0.1298774	0.617295833333333
EFP08	2	2	-1.216553	-1.3677870285729	0.8375	0.045629765	0.33691835	0.727339666666667
EFP08	2	3	-0.155959	-0.136379726886388	0.503333333333333	0.1008236425	0.1398432	0.485395
EFP08	2	4	0.259807	0.362109347172334	0.423333333333333	0.120518451666667	0.0161712635	0.453434666666667
EFP08	2	5	-0.224765	-0.193522795001603	0.551666666666667	0.114133378135593	0.16485915	0.542004833333333
EFP08	3	1	0.17303	0.376519942377822	0.395	0.0182598766666667	-0.0669409	0.464752
EFP08	3	2	-0.889232	-0.961549695767588	0.815	0.0127990166666667	0.2769199	0.714485166666667
EFP08	3	3	-0.906987	-0.797714868591518	0.728333333333333	-0.09653013	0.1914397	0.6841195
EFP08	3	4	1.463812	1.59805001946802	0.115833333333333	0.432222725	-0.0776068	0.228145833333333
EFP08	3	5	0.700532	0.841133017169646	0.225	0.602608237288136	0.32050905	0.3833145
EFP09	1	1	-0.772	-0.853475414295914	0.650833333333333	-0.596325666666667	-0.4031802	0.5950125
EFP09	1	2	-0.130469	-0.0730987641055102	0.52	-0.536246383333333	-0.52138775	0.5196695
EFP09	1	3	-0.145444	-0.0946698087355796	0.544166666666667	-0.439712636	-0.4179265	0.536574833333333
EFP09	1	4	0.082486	0.0376399558742096	0.520833333333333	-0.246258455	-0.25708598	0.485177333333333
EFP09	1	5	-0.359128	-0.35968446884412	0.6275	-0.219114020338983	-0.139123	0.597169
EFP09	2	1	1.175683	0.893263886555053	0.2725	-0.0128862116666667	-0.189452	0.309434333333333
EFP09	2	2	1.079672	1.02162439382672	0.225833333333333	0.07627592	-0.143988035	0.3117765
EFP09	2	3	-0.647198	-0.394865939594033	0.675833333333333	-0.0883852266666667	-0.026176045	0.606149166666667
EFP09	2	4	-0.325461	-0.190247088073628	0.584166666666667	0.0283061816666667	0.06778542	0.579806
EFP09	2	5	-1.007877	-0.966667215475425	0.704166666666667	-0.0666226147457627	0.1462427	0.652241166666667
EFP10	1	1	-0.606279	-0.664801641555069	0.664166666666667	0.117504383333333	0.27706815	0.6224525
EFP10	1	2	-0.467592	-0.456357552010882	0.610833333333333	0.0496569333333333	0.13381939	0.5907945
EFP10	1	3	0.12624	0.106267385900564	0.465833333333333	0.16726565	0.1431542	0.4808695
EFP10	1	4	-0.185859	-0.117560504486179	0.525	0.127725491666667	0.157279505	0.537802
EFP10	1	5	-0.169099	-0.09940812612071	0.506666666666667	0.106190938983051	0.13252205	0.531984666666667
EFP10	2	1	-0.30019	-0.379166172693	0.6575	-0.012069685	0.06990047	0.571035
EFP10	2	2	0.377302	0.266707066380951	0.4425	0.0603379866666667	-0.00880397999999999	0.426104166666667
EFP10	2	3	1.416164	1.23130678812917	0.174166666666667	0.0175573133333333	-0.2464254	0.231627
EFP10	2	4	0.236084	0.214145296912799	0.485833333333333	0.045940865	-0.01177935	0.4644275
EFP10	2	5	-0.587303	-0.639384204427031	0.670833333333333	-0.187093471186441	-0.026662175	0.607519166666667
EFP10	3	1	-0.674735	-0.577053963076861	0.648333333333333	-0.360441216666667	-0.1989922845	0.617110166666667
EFP10	3	2	-0.689347	-0.684537753079151	0.684166666666667	-0.495449266666667	-0.3610836	0.618234333333333
EFP10	3	3	-0.479205	-0.421853896111099	0.638333333333333	-0.48042155	-0.3825517	0.600489
EFP10	3	4	-0.327001	-0.145668251952742	0.538333333333333	-0.569317883333333	-0.53702695	0.560544666666667
EFP10	3	5	0.160493	0.087337835015603	0.4425	-0.581724237288136	-0.6102539	0.478525166666667
EFP10	4	1	-0.953336	-0.870355251246297	0.723333333333333	-0.433023166666667	-0.21294754	0.645004666666667
EFP10	4	2	-0.727412	-0.756622436429593	0.734166666666667	-0.434849966666667	-0.2846344	0.6325225
EFP10	4	3	-0.005737	-0.0555823289682916	0.521666666666667	-0.495760416666667	-0.48456215	0.5009365
EFP10	4	4	0.534858	0.624019703690883	0.356666666666667	-0.429180405	-0.567952	0.397515833333333
EFP10	4	5	0.349058	0.282060193602267	0.416666666666667	-0.43709706779661	-0.4837975	0.429197666666667
EFP10	5	1	-0.840049	-0.597700183888106	0.689166666666667	-0.07946358	0.086912095	0.6532745
EFP10	5	2	-0.392382	-0.417469827058536	0.609166666666667	0.003174995	0.08882145	0.578996166666667
EFP10	5	3	-0.491936	-0.43635931997625	0.620833333333333	-0.00725882333333333	0.110108905	0.599148
EFP10	5	4	0.95616	0.996173214127193	0.229166666666667	0.0656109333333333	-0.1524592285	0.323126333333333
EFP10	5	5	-0.595176	-0.465332631649396	0.6325	-0.149744018644068	-0.01686954	0.650855166666667
EFP10	6	1	0.207269	0.144182934928794	0.468333333333333	0.088307845	0.0619305	0.4639105
EFP10	6	2	-0.205675	-0.220425357930368	0.575	0.0197625948333333	0.0727811	0.549135833333333
EFP10	6	3	0.606517	0.596215342555181	0.330833333333333	0.073845045	-0.0717165	0.389089
EFP10	6	4	-0.300588	-0.422502491092908	0.61	0.0119624783333333	0.110737845	0.559254333333333
EFP10	6	5	-0.239015	-0.0631952974581993	0.479166666666667	0.0906582773050847	0.1076014	0.539891833333333
EFP10	7	1	-0.089078	-0.108914531395466	0.504166666666667	0.138454666666667	0.1603812	0.518130333333333
EFP10	7	2	-0.051894	-0.0107164559138344	0.503333333333333	0.0353629516666667	0.037753402	0.5095035
EFP10	7	3	0.037237	0.0617163240749295	0.5025	0.0785831983333333	0.065263795	0.4927225
EFP10	7	4	0.143238	0.16348893382969	0.464166666666667	0.0606138683333333	0.0269569	0.472287833333333
EFP10	7	5	0.149281	0.208966900677914	0.441666666666667	0.101259637457627	0.05938075	0.473418666666667
EFP10	8	1	-0.128494	-0.21731867904436	0.56	-0.245766746666667	-0.1993716	0.5257435
EFP10	8	2	-0.9798	-0.933106447869553	0.708333333333333	-0.285908493333333	-0.080030585	0.639884166666667
EFP10	8	3	-0.928304	-0.889424240386474	0.7675	-0.517216566666667	-0.31237715	0.689996833333333
EFP10	8	4	-0.227475	-0.195767560427215	0.5525	-0.547127666666667	-0.504829	0.544979333333333
EFP10	8	5	-0.909322	-0.781016197941452	0.661666666666667	-0.61732593220339	-0.44884975	0.639543166666667
EFP10	9	1	-0.421791	-0.478606565315529	0.653333333333333	-0.3888235	-0.2749188	0.595021833333333
EFP10	9	2	-0.405853	-0.300497857630091	0.630833333333333	-0.39656245	-0.32979485	0.604972
EFP10	9	3	0.071362	0.0140475311072377	0.510833333333333	-0.400488816666667	-0.4038879	0.493118833333333
EFP10	9	4	-0.754912	-0.714878154935035	0.7	-0.443632515	-0.265589	0.651483
EFP10	9	5	0.723226	0.770096561172085	0.258333333333333	-0.330250284745763	-0.494433	0.343635333333333
EFP10	10	1	0.56964	0.347846324166616	0.476666666666667	-0.0770632916666667	-0.16089597	0.426599666666667
EFP10	10	2	-0.307413	-0.39573617279573	0.61	-0.27504675	-0.176642	0.563341
EFP10	10	3	0.037486	0.112059467103052	0.470833333333333	-0.29948105	-0.323337	0.492901833333333
EFP10	10	4	-0.286334	-0.224442851402406	0.548333333333333	-0.303553683333333	-0.25631825	0.550199333333333
EFP10	10	5	-0.254283	-0.128394788798215	0.519166666666667	-0.321592172881356	-0.294922345	0.554617333333333
EFP11	1	1	-1.075945	-0.79519554662007	0.684166666666667	-0.124221151666667	-0.02238265	0.652391166666667
EFP11	1	2	-2.545646	-2.55898284772687	0.94	-0.0397259256666667	0.28610305	0.791661
EFP11	1	3	-2.519652	-2.47273402540598	0.9575	-0.03910315	0.2890483	0.586329166666667
EFP11	1	4	-1.456083	-1.50429515643173	0.87	0.0141181816666667	0.26227509	0.476083666666667
EFP11	1	5	-2.104925	-1.87010652877984	0.8975	0.10768813220339	0.3950356	0.785085333333333
EFP11	2	1	-0.533523	-0.591879747394336	0.656666666666667	-0.048566285	0.04003785	0.585550166666667
EFP11	2	2	-0.820019	-0.861136258562534	0.734166666666667	0.1396904	0.2723357	0.6365455
EFP11	2	3	-0.33111	-0.394651442569918	0.6275	0.21688044	0.28156725	0.565625666666667
EFP11	2	4	-0.865322	-0.801300297684429	0.735833333333333	0.290843566666667	0.4681455	0.684729333333333
EFP11	2	5	0.348304	0.301650824368242	0.384166666666667	0.417418881355932	0.3628245	0.433945833333333
EFP11	3	1	0.151671	0.106005375805902	0.495833333333333	-0.177661483333333	-0.19407965	0.4746405
EFP11	3	2	0.188062	0.184661419349522	0.445833333333333	-0.123606007833333	-0.15338425	0.467667833333333
EFP11	3	3	-0.640425	-0.620670853175405	0.669166666666667	-0.136114381666667	-0.0426175	0.616317
EFP11	3	4	0.693589	0.832743848098653	0.245833333333333	-0.119404896666667	-0.25719005	0.349863833333333
EFP11	3	5	-0.351184	-0.267361226955604	0.58	-0.0999533305084746	-0.0522778	0.571851
EFP11	4	1	0.602258	0.65905081111954	0.3075	-0.0641983316666667	-0.1678628	0.363732666666667
EFP11	4	2	-0.561013	-0.584687105471837	0.671666666666667	-0.000373808333333335	0.0965088	0.622098833333333
EFP11	4	3	0.125868	0.197453971898791	0.510833333333333	0.10299573	0.059913925	0.484220833333333
EFP11	4	4	-0.700007	-0.831956650395133	0.7225	-0.00952722783333333	0.1439701	0.624595666666667
EFP11	4	5	-0.351239	-0.447892342062863	0.654166666666667	-0.0425232559322034	0.04046002	0.600933833333333
EFP11	5	1	-0.057118	0.0752562386982716	0.483333333333333	0.16817	0.15660955	0.512732833333333
EFP11	5	2	1.014334	0.965478974861262	0.234166666666667	0.251267756666667	0.06488985	0.310996
EFP11	5	3	0.049989	0.128617734775484	0.449166666666667	0.433855975	0.4018118	0.486526333333333
EFP11	5	4	-0.336705	-0.381250415096808	0.6525	0.291585828333333	0.37289655	0.579471166666667
EFP11	5	5	0.35256	0.227881063675119	0.429166666666667	0.408684186440678	0.35915	0.426550666666667
EFP11	6	1	-0.272254	-0.337418507716275	0.61625	-0.189437218333333	-0.1195471745	0.5559805
EFP11	6	2	0.114359	-0.0535915756571295	0.504166666666667	-0.163005303333333	-0.15192455	0.483806166666667
EFP11	6	3	0.907509	0.772817028898885	0.275833333333333	0.132286281666667	-0.00470811	0.308287833333333
EFP11	6	4	0.188554	0.103552757671179	0.473333333333333	0.378402866666667	0.352636	0.456371333333333
EFP11	6	5	0.061015	0.0240425610801428	0.463333333333333	0.291502779661017	0.2857446	0.489194166666667
EFP11	7	1	-0.314671	-0.295257220440362	0.614166666666667	-0.0248646316666667	0.0210844	0.569299666666667
EFP11	7	2	0.263483	0.200765674421481	0.478333333333333	0.0246446383333333	-0.00861344999999999	0.452828333333333
EFP11	7	3	0.099666	0.112452040303249	0.469166666666667	0.276409191666667	0.254683065	0.482278
EFP11	7	4	1.023631	0.817527486108243	0.2625	0.46857805	0.3250954	0.3070515
EFP11	7	5	1.027723	0.897137890424442	0.263333333333333	0.440188338983051	0.302140315	0.315236833333333
EFP11	8	1	-0.260266	-0.189482921372003	0.570833333333333	-0.148538595	-0.12298485	0.550461666666667
EFP11	8	2	0.140714	0.0798947982720369	0.460833333333333	-0.112821263333333	-0.124441375	0.473068333333333
EFP11	8	3	0.597862	0.523419226294685	0.390833333333333	0.0232197816666667	-0.08407851	0.3867775
EFP11	8	4	1.213128	1.04698942962015	0.211666666666667	0.229684661666667	-0.000316244999999996	0.257695666666667
EFP11	8	5	-0.331926	-0.361522605173601	0.633333333333333	0.250363728813559	0.3299396	0.610058666666667
EFP11	9	1	0.920785	0.785708276455908	0.258333333333333	-0.165349835333333	-0.3221903	0.330886333333333
EFP11	9	2	0.081869	0.0172664846428778	0.503333333333333	0.00646198	0.003504025	0.500046
EFP11	9	3	0.754423	0.634751838511532	0.305833333333333	0.056548685	-0.03806987	0.3667605
EFP11	9	4	1.418297	1.48916991287783	0.126666666666667	0.284844865	-0.0159759	0.236906833333333
EFP11	9	5	0.423158	0.199156042557177	0.424166666666667	0.378379577966102	0.31798435	0.420287
EFP11	10	1	0.443203	0.489152627886082	0.355	-0.03067188	-0.1252352	0.426511
EFP11	10	2	0.448525	0.423858249937594	0.415	0.027222055	-0.07618919	0.423774833333333
EFP11	10	3	-1.350777	-1.14323419624126	0.6725	0.193178078833333	0.513235	0.642643666666667
EFP11	10	4	-0.270222	-0.212744980565751	0.564166666666667	0.206580031666667	0.25519022	0.476952833333333
EFP11	10	5	-0.337929	-0.396677991009188	0.595	0.150974377966102	0.2711769	0.566549333333333
EFP12	1	1	0.092576	0.0832675172764373	0.475833333333333	0.128993768333333	0.104465	0.486642333333333
EFP12	1	2	-0.448473	-0.518360311078395	0.620833333333333	0.159698716666667	0.3644324	0.574573
EFP12	1	3	0.002708	-0.00430033560979293	0.478333333333333	0.332674153666667	0.33456615	0.499631333333333
EFP12	1	4	-0.643287	-0.485027566351571	0.645833333333333	0.189882633333333	0.3884487	0.633281833333333
EFP12	1	5	-0.508603	-0.467722130107235	0.606666666666667	0.214467406779661	0.409610015	0.6043755
EFP12	2	1	-0.066119	-0.0173786153549788	0.493333333333333	0.163513755	0.1692312	0.512217833333333
EFP12	2	2	-0.110248	-0.106899407398329	0.556666666666667	0.15209655	0.1861153	0.519508666666667
EFP12	2	3	-0.199204	-0.147543295466381	0.5425	0.00884063333333333	0.058633735	0.538792166666667
EFP12	2	4	-0.378565	-0.175979050038436	0.563333333333333	0.225376983333333	0.29323665	0.576334
EFP12	2	5	-0.475883	-0.532645161167304	0.679166666666667	0.287081906779661	0.501818	0.603522666666667
EFP12	3	1	1.234813	1.07317249303538	0.2225	-0.194992676666667	-0.5208495	0.295695166666667
EFP12	3	2	0.01411	0.00570664269644001	0.516666666666667	-0.213680853333333	-0.215510655	0.498410833333333
EFP12	3	3	-0.473156	-0.618939090812921	0.689166666666667	-0.451719633333333	-0.234199481	0.608227666666667
EFP12	3	4	0.345279	0.453583682569551	0.395833333333333	-0.120134078333333	-0.26937095	0.438461
EFP12	3	5	0.049174	0.0015622129016436	0.4625	-0.406952389830508	-0.4075443	0.491452166666667
EFP12	4	1	-0.914617	-0.859707357039718	0.708333333333333	-0.17865668	0.08280502	0.646071833333333
EFP12	4	2	-1.16651	-1.04579207107028	0.734166666666667	-0.480751683333333	-0.0549926	0.6829415
EFP12	4	3	0.016625	0.0916091444116113	0.456666666666667	-0.71414685	-0.753133155	0.465325333333333
EFP12	4	4	0.374912	0.411925073781983	0.375	-0.4904084	-0.65386545	0.4325615
EFP12	4	5	0.102519	0.0446148897348346	0.518333333333333	-0.514218966101695	-0.53253495	0.48437
EFP12	5	1	-0.371231	-0.364887185655	0.555833333333333	0.177481095	0.3276833	0.553989333333333
EFP12	5	2	0.088428	0.116203580515293	0.431666666666667	0.25731565	0.21369481	0.471502
EFP12	5	3	0.31196	0.328811021374672	0.4	0.374814683333333	0.27137225	0.437392
EFP12	5	4	0.353151	0.370214202420199	0.3625	0.27743060195	0.1200696	0.440633166666667
EFP12	5	5	-0.39034	-0.216736590852884	0.5275	0.159759983050847	0.24741586	0.569211
EFP12	6	1	2.239035	1.88411820069903	0.126666666666667	0.325866231666667	-0.304398445	0.195874333333333
EFP12	6	2	0.612611	0.633786952609302	0.326666666666667	0.41085775	0.186255	0.374985833333333
EFP12	6	3	-0.527528	-0.442829814125434	0.5975	0.273361866666667	0.465042755	0.587365333333333
EFP12	6	4	0.232957	0.266944087796323	0.389166666666667	0.496504316666667	0.4154175	0.454904833333333
EFP12	6	5	0.639804	0.646560139146547	0.33	0.754455355932203	0.41889995	0.379869166666667
EFP12	7	1	0.503147	0.475604663157099	0.349166666666667	-0.0766561166666667	-0.2710416	0.4052655
EFP12	7	2	-0.283298	-0.285721467245114	0.5525	0.037273596	0.15230896	0.540660833333333
EFP12	7	3	-0.435996	-0.416407230691485	0.619166666666667	-0.0899849783333333	0.10791525	0.5812415
EFP12	7	4	0.288117	0.351019783216328	0.390833333333333	-0.00920256666666667	-0.14369235	0.4360615
EFP12	7	5	-2.205561	-2.30716945226308	0.933333333333333	-0.220390352542373	0.4892492	0.83723
EFP12	8	1	0.584173	0.63843825346148	0.341666666666667	-0.200145845	-0.40753985	0.404046666666667
EFP12	8	2	-0.375056	-0.406694017819347	0.585	-0.534855833333333	-0.36634435	0.566621
EFP12	8	3	-0.959529	-0.899599253772339	0.74	-0.68691347	-0.362924605	0.660503666666667
EFP12	8	4	-0.64281	-0.672004004837522	0.666666666666667	-0.8874112	-0.581783975	0.615709166666667
EFP12	8	5	-0.356495	-0.371564100583875	0.556666666666667	-1.25475677966102	-1.079231	0.555995
EFP12	9	1	-0.868932	-0.861287855328252	0.690833333333333	-0.48305215	-0.200790515	0.609086666666667
EFP12	9	2	0.026091	-0.0220693440923366	0.4975	-0.35171835	-0.34524935	0.492936
EFP12	9	3	-0.61385	-0.735930998841602	0.7125	-0.278318076666667	-0.02435839	0.622637666666667
EFP12	9	4	0.396245	0.25069765944988	0.423333333333333	-0.339650383333333	-0.4254705	0.405747
EFP12	9	5	0.237668	0.119074767075819	0.515833333333333	-0.429641491525424	-0.4685012	0.463011833333333
EFP12	10	1	-0.315345	-0.297971890606629	0.573333333333333	-0.12225267	-0.01423136	0.561647833333333
EFP12	10	2	-0.426197	-0.326868381118069	0.61	0.105760933333333	0.245165425	0.602888666666667
EFP12	10	3	0.521691	0.488081843856933	0.371666666666667	0.0201598766666667	-0.24548965	0.400949
EFP12	10	4	0.234971	0.179536610402185	0.483333333333333	0.0121483833333333	-0.08088615	0.462152166666667
EFP12	10	5	-0.403876	-0.3975757655311	0.61	0.060812693220339	0.26346425	0.587749
EFP13	1	1	-1.466929	-1.44638191160647	0.875833333333333	-0.364070205	-0.05823075	0.729168666666667
EFP13	1	2	-1.102092	-1.19338977731981	0.775833333333333	-0.135720105	0.00969718500000002	0.5786045
EFP13	1	3	-0.728448	-0.782067287585992	0.6675	-0.0712911328333333	0.04844475	0.595634
EFP13	1	4	-0.861146	-0.983480442076259	0.768333333333333	-0.190074622833333	-0.01879245	0.661318666666667
EFP13	1	5	-1.696644	-1.60986949762616	0.8725	0.069481720338983	0.27155655	0.7747825
EFP13	2	1	-1.383128	-1.37774794957269	0.8	-0.379230566666667	-0.1213013	0.691645666666667
EFP13	2	2	-1.343949	-1.1873502155426	0.743333333333333	-0.485591666666667	-0.29525495	0.605833
EFP13	2	3	-0.569285	-0.575916076299521	0.644166666666667	-0.754331	-0.5780025	0.555262166666667
EFP13	2	4	-0.557779	-0.577878782163177	0.640833333333333	-0.942200833333333	-0.7875415	0.6021885
EFP13	2	5	-0.431057	-0.416750517732977	0.599166666666667	-0.860476271186441	-0.71292045	0.558707333333333
EFP13	3	1	-1.543441	-1.70131695829123	0.885	-0.519497833333333	-0.24090975	0.762291
EFP13	3	2	-1.716556	-1.47522712002812	0.856666666666667	-0.541756	-0.265598465	0.701607166666667
EFP13	3	3	-0.534429	-0.629391161369122	0.6975	-0.413451216666667	-0.2496563	0.524035
EFP13	3	4	3.535609	3.15735849031674	0.0858333333333333	-0.407603516666667	-0.992299	0.117979666666667
EFP13	3	5	-0.78621	-0.799901088849131	0.69	-0.440767389830509	-0.1958401	0.639934333333333
EFP13	4	1	0.112032	0.057436833537814	0.485	-0.176433885	-0.18980443	0.459299166666667
EFP13	4	2	-0.927704	-0.866925104327427	0.748333333333333	-0.000757414999999998	0.101952348	0.6952335
EFP13	4	3	-0.392388	-0.418120702563462	0.634166666666667	-0.0255326216666667	0.046099062	0.591190666666667
EFP13	4	4	-0.129228	-0.176949281728385	0.5375	0.023769205	0.05494185	0.525010166666667
EFP13	4	5	-0.410749	-0.283515188146763	0.605833333333333	0.0669681	0.107897875	0.557588333333333
EFP13	5	1	-1.101944	-1.08944779469653	0.759166666666667	-0.33883135	-0.130481345	0.6726215
EFP13	5	2	-1.172468	-1.05786841992856	0.748333333333333	-0.31111195	-0.1242527395	0.623388
EFP13	5	3	-0.724487	-0.794603207888293	0.6975	-0.303767166666667	-0.18106387	0.590417833333333
EFP13	5	4	-0.90702	-0.779491410268663	0.6725	-0.353548216666667	-0.23801315	0.628040666666667
EFP13	5	5	-0.127154	-0.187312749969677	0.5725	-0.33611813559322	-0.3051525	0.517556666666667
EFP14	1	1	-0.709052	-0.744028560271032	0.725	-0.381471216666667	-0.1769685	0.656911333333333
EFP14	1	2	-2.302351	-2.12114749882898	0.940833333333333	-0.387181016666667	0.0984715	0.844833166666667
EFP14	1	3	-1.2034	-1.26238996903485	0.830833333333333	-0.373528413883333	-0.05779755	0.461680166666667
EFP14	1	4	-1.138871	-1.15248764817694	0.825	-0.349989033333333	-0.068647335	0.681568666666667
EFP14	1	5	-1.815629	-1.81407141901497	0.898333333333333	-0.520695084745763	-0.182257	0.782393
EFP14	2	1	-1.215676	-1.05718159132721	0.773333333333333	0.024120075	0.240492355	0.719851166666667
EFP14	2	2	-0.789336	-0.794759402473349	0.731666666666667	-0.0910999463333333	0.13490186	0.614759
EFP14	2	3	-0.762049	-0.665189129643555	0.713333333333333	-0.0105368533333333	0.1174281	0.6734125
EFP14	2	4	-0.988202	-1.0322660689284	0.755833333333333	-0.0576254526666667	0.157433005	0.655789833333333
EFP14	2	5	0.102248	0.075285649203785	0.400833333333333	-0.00179274067796611	-0.0207766885	0.4877275
EFP14	3	1	-0.71579	-0.640834196368808	0.693333333333333	-0.0895868775	0.029579395	0.653694833333333
EFP14	3	2	-0.316208	-0.430461955189225	0.645833333333333	0.0554284811666667	0.159576	0.558593333333333
EFP14	3	3	-0.987508	-0.96199464185337	0.780833333333333	0.0563405766666667	0.350729305	0.705200333333333
EFP14	3	4	-0.59534	-0.718070268398372	0.725	0.0380059666666667	0.2568285	0.622929833333333
EFP14	3	5	-1.056397	-0.990093564379888	0.740833333333333	0.0629504627118644	0.34555522	0.671149166666667
EFP14	4	1	0.48788	0.495098584646488	0.358333333333333	0.135020719833333	0.0712297	0.4094695
EFP14	4	2	-0.205333	-0.318364930161083	0.585	0.167886065	0.22134245	0.529434333333333
EFP14	4	3	-0.073222	-0.130628699843278	0.565833333333333	0.264995891666667	0.2939025	0.513893166666667
EFP14	4	4	-0.307829	-0.214219026320839	0.538333333333333	0.219345788333333	0.26634275	0.551976833333333
EFP14	4	5	-1.162704	-1.04836555667493	0.700833333333333	0.151210116949153	0.36528209	0.645987166666667
EFP14	5	1	-0.29216	-0.118398908472574	0.505	0.332570083333333	0.36355547	0.543158833333333
EFP14	5	2	-0.660017	-0.688887938819617	0.681666666666667	0.4325861	0.5671735	0.6163345
EFP14	5	3	-1.344832	-1.34486743535535	0.828333333333333	0.532283416666667	0.9123965	0.738085166666667
EFP14	5	4	-1.126436	-1.06120931208278	0.788333333333333	0.599662871666667	0.890882	0.651840166666667
EFP14	5	5	-0.297741	-0.403693949091694	0.594166666666667	0.541539779661017	0.6383875	0.5297295
EFP14	6	1	-0.595815	-0.53306594206268	0.615833333333333	-0.255865256666667	-0.1455475	0.585661666666667
EFP14	6	2	-1.285917	-1.30455622066175	0.819166666666667	-0.07436115	0.290545	0.688443
EFP14	6	3	-0.470655	-0.503886977660445	0.610833333333333	0.129366673333333	0.2657203755	0.507414833333333
EFP14	6	4	0.054529	-0.0192515353357689	0.498333333333333	0.178954883333333	0.1834797	0.491980666666667
EFP14	6	5	-1.124609	-0.957364675569503	0.751666666666667	0.136178479661017	0.3926938	0.713366833333333
EFP14	7	1	0.178835	0.109378119431277	0.51	-0.02301064	-0.058478165	0.472858166666667
EFP14	7	2	-1.004307	-0.87365548370651	0.716666666666667	-0.187312858333333	-0.0132922	0.65929
EFP14	7	3	0.569377	0.429044830105375	0.4225	-0.16537925	-0.24541219	0.423949166666667
EFP14	7	4	0.062226	0.0267120349578444	0.4775	-0.18331194	-0.18765805	0.490373833333333
EFP14	7	5	0.926392	0.762022897784487	0.31	-0.0711770338983051	-0.223837535	0.336584666666667
EFP14	8	1	-1.231731	-1.42539348522066	0.870833333333333	-0.454213966666667	-0.075946555	0.718713166666667
EFP14	8	2	-0.392318	-0.442281176501307	0.569166666666667	-0.292944078333333	-0.1668721	0.504471833333333
EFP14	8	3	-0.472892	-0.507712353505386	0.516666666666667	-0.272787418333333	-0.1492939	0.546653833333333
EFP14	8	4	-0.485982	-0.433334203155867	0.556666666666667	-0.1074453155	-0.00988983	0.574651333333333
EFP14	8	5	-1.400905	-1.31304249718789	0.795	-0.35493493559322	0.034183	0.708842833333333
EFP14	9	1	0.524381	0.394112639859862	0.420833333333333	0.103360041666667	0.01457805	0.445700666666667
EFP14	9	2	-1.627944	-1.40937255983641	0.825	-0.02833021	0.43769855	0.752803
EFP14	9	3	0.101561	0.0251042970163159	0.4625	0.13220085	0.1243437	0.363081
EFP14	9	4	-0.766567	-0.646754034728961	0.6675	0.225222917666667	0.39580905	0.637636833333333
EFP14	9	5	0.406274	0.441455763331691	0.378333333333333	0.193060525423729	0.0504105700000001	0.435318166666667
EFP14	10	1	2.018061	1.93472112987352	0.149166666666667	0.31551255	-0.26293225	0.272519
EFP14	10	2	1.241799	1.14840046940279	0.2725	0.578586933333333	0.2425408	0.353271166666667
EFP14	10	3	1.286544	0.934110591537523	0.286666666666667	0.85169	0.51601655	0.321907
EFP14	10	4	0.229474	-0.030966554038431	0.4625	0.9132345	0.9241505	0.4673945
EFP14	10	5	0.640536	0.594777040119279	0.333333333333333	0.829287796610169	0.63194205	0.395559
EFP14	11	1	1.248115	1.17554962803385	0.286666666666667	0.213068261666667	-0.14061329	0.365819333333333
EFP14	11	2	0.310559	0.335105939409852	0.410833333333333	0.246127233333333	0.1475816	0.443268666666667
EFP14	11	3	1.276249	1.02307069072199	0.225	0.3363909	0.04327405	0.331839833333333
EFP14	11	4	-0.409326	-0.40621571889895	0.6	0.198835105	0.35464808	0.560581666666667
EFP14	11	5	0.645937	0.641484678127013	0.320833333333333	0.232709191525424	-0.03714825	0.395416666666667
EFP14	12	1	0.265071	0.322908561478888	0.428333333333333	0.379306666666667	0.3189977	0.4580865
EFP14	12	2	-0.635492	-0.745257663541494	0.711666666666667	0.280998013333333	0.5071662	0.630545833333333
EFP14	12	3	-0.115837	-0.057907266450564	0.513333333333333	0.24548276	0.2690357	0.5218995
EFP14	12	4	-0.964217	-0.809141624940902	0.738333333333333	0.319807083333333	0.4935315	0.686312
EFP14	12	5	-1.623359	-1.48657788912594	0.843333333333333	0.303884491525424	0.7012655	0.775859166666667
EFP15	1	1	-1.780971	-1.82665628191428	0.89	-0.6697893	-0.25571485	0.783443833333333
EFP15	1	2	-0.815931	-0.64678605941915	0.6825	-0.524881833333333	-0.4201903	0.525620666666667
EFP15	1	3	0.344317	0.167450926355901	0.460833333333333	-0.427278833333333	-0.4524775	0.4389625
EFP15	1	4	0.007867	-0.0477388580947566	0.4825	-0.423005783333333	-0.41392975	0.490945666666667
EFP15	1	5	0.558147	0.453470343838562	0.365833333333333	-0.315735440677966	-0.3705399	0.412797166666667
EFP15	2	1	-0.683688	-0.584902333522357	0.67	0.20732132	0.300998	0.624659666666667
EFP15	2	2	-0.125872	-0.0077736050942816	0.4825	0.192731266666667	0.194202095	0.514794333333333
EFP15	2	3	-0.90645	-0.483086434921662	0.65	0.206288916666667	0.2799816	0.653749833333333
EFP15	2	4	0.230812	0.0473041523352509	0.499166666666667	0.23760734	0.22953754	0.458265833333333
EFP15	2	5	-0.500164	-0.508025464427807	0.65	0.155655972881356	0.246259	0.598069833333333
EFP15	3	1	0.072019	-0.131821457909454	0.532083333333333	-0.7834175	-0.7537815	0.491707833333333
EFP15	3	2	0.555771	0.613814610391159	0.381666666666667	-0.6271285	-0.746706	0.423396666666667
EFP15	3	3	-0.669326	-0.652861188004124	0.685	-0.890958666666667	-0.74838	0.6366085
EFP15	3	4	0.573134	0.753278321231158	0.276666666666667	-1.07039816666667	-1.289788	0.373979666666667
EFP15	3	5	0.424864	0.397057874301136	0.306666666666667	-0.578327288135593	-0.680913	0.376397166666667
EFP15	4	1	-0.580449	-0.639534766504136	0.700833333333333	-0.33077903	-0.209312595	0.6082515
EFP15	4	2	-0.635062	-0.494397851822817	0.644166666666667	-0.451525683333333	-0.37021285	0.609793333333333
EFP15	4	3	-0.580524	-0.560054195693066	0.626666666666667	-0.5108755	-0.4157293	0.5983625
EFP15	4	4	-0.057486	-0.0240015257172472	0.495833333333333	-0.4899833	-0.4852159	0.5099385
EFP15	4	5	-0.256731	-0.438603968670471	0.599166666666667	-0.492888644067797	-0.417312725	0.5540855
EFP15	5	1	-0.103043	-0.177607015888643	0.56	-0.220810283333333	-0.18875905	0.517024
EFP15	5	2	-0.418367	-0.359813697468293	0.593333333333333	-0.455119366666667	-0.3837251	0.58015
EFP15	5	3	0.225529	0.287204983392914	0.4125	-0.245000083333333	-0.2940365	0.4545185
EFP15	5	4	0.282654	0.0168927713045355	0.494166666666667	-0.137177483333333	-0.14033246	0.447143333333333
EFP15	5	5	-0.137995	-0.0741329592770132	0.5025	-0.0605215152542373	-0.04879873	0.52732
EFP15	6	1	-0.262492	-0.247981366567429	0.556666666666667	0.0513457766666667	0.088488	0.551783333333333
EFP15	6	2	0.183184	0.214590926943101	0.453333333333333	0.107589401666667	0.0747646	0.459838
EFP15	6	3	-0.360179	-0.410385501129443	0.598333333333333	0.0351976666666667	0.09728225	0.544883666666667
EFP15	6	4	-0.085871	-0.0593809172683252	0.5275	0.00693805166666666	0.016004245	0.511979
EFP15	6	5	-0.036607	-0.15188074342852	0.515833333333333	0.0723749610169492	0.09722695	0.508954333333333
EFP15	7	1	1.250832	1.32991892255025	0.178333333333333	0.075250355	-0.10745106	0.275182833333333
EFP15	7	2	0.168975	0.0757778787236577	0.4925	-0.0267978916666667	-0.03969685	0.467238833333333
EFP15	7	3	-0.091859	-0.268788129562217	0.565	-0.069394107	-0.02028075	0.527422666666667
EFP15	7	4	-0.195003	-0.201531922598905	0.514166666666667	-0.0296830762	0.00978782000000001	0.530616166666667
EFP15	7	5	-0.656971	-0.444806828458051	0.598333333333333	0.0319798322033898	0.111728055	0.621479333333333
EFP15	8	1	0.273532	0.247979392930586	0.378333333333333	0.104072271666667	0.07281725	0.453780166666667
EFP15	8	2	0.57974	0.607258813759585	0.318333333333333	0.101519981666667	-0.000152205000000003	0.3841515
EFP15	8	3	1.060027	0.864864393000967	0.279166666666667	0.169917911666667	0.0210729	0.318155
EFP15	8	4	-1.287972	-1.28567277059282	0.8225	0.0626130016666667	0.2859033	0.73032
EFP15	8	5	-0.405629	-0.398703057280227	0.5925	0.0285157389830508	0.0958379255	0.525497833333333
EFP15	9	1	-0.824068	-0.848781471390912	0.701666666666667	-0.612502666666667	-0.471044	0.6322605
EFP15	9	2	-0.159407	-0.151608391346049	0.485	-0.514927416666667	-0.48891565	0.527576
EFP15	9	3	0.515009	0.514970802793897	0.340833333333333	-0.438925833333333	-0.5187425	0.4170615
EFP15	9	4	0.963424	0.640159734034844	0.295833333333333	-0.385358366666667	-0.491914	0.2946255
EFP15	9	5	0.313561	0.274686636295161	0.446666666666667	-0.241204898305085	-0.3657151345	0.459283333333333
EFP15	10	1	-1.030806	-1.26179447502985	0.8	-0.516003383333333	-0.3174469	0.685445333333333
EFP15	10	2	0.979271	0.991380303046328	0.2075	-0.3732238	-0.5690855	0.312294833333333
EFP15	10	3	-0.8611	-0.806694738223074	0.689166666666667	-0.405656166666667	-0.2670096	0.642203333333333
EFP15	10	4	0.438564	0.318000327473417	0.411666666666667	-0.31348615	-0.358752	0.408480166666667
EFP15	10	5	-0.145377	-0.131541590643669	0.5625	-0.390470884745763	-0.3663435	0.544710166666667
EFP16	1	1	0.213762	0.292986824660713	0.451666666666667	0.0541671666666667	0.006932315	0.479715
EFP16	1	2	0.591503	0.4913260328909	0.385	0.2560717	0.1617216	0.392649833333333
EFP16	1	3	-1.101098	-1.02788535953413	0.8	0.270619516666667	0.530853	0.721454333333333
EFP16	1	4	-1.395688	-1.33748311795217	0.854166666666667	0.259201836666667	0.5247545	0.759884166666667
EFP16	1	5	-0.060171	-0.0862879150556052	0.52	0.301625254237288	0.31753715	0.442291666666667
EFP16	2	1	0.193089	0.0873731275421773	0.48	-0.175192976666667	-0.192502455	0.457095166666667
EFP16	2	2	0.464258	0.48210602650933	0.368333333333333	-0.0509622566666667	-0.18425775	0.414131166666667
EFP16	2	3	0.227105	0.0400332199249465	0.4625	-0.125278641166667	-0.13381105	0.4574305
EFP16	2	4	-0.26905	-0.225409154725092	0.606666666666667	-0.135889331666667	-0.0833852325	0.589305333333333
EFP16	2	5	-0.53818	-0.729060317863171	0.6725	-0.107244306779661	0.0274852	0.589582166666667
EFP16	3	1	0.65553	0.566458873230646	0.348333333333333	0.126047415	-0.0035406	0.389955166666667
EFP16	3	2	-0.24934	-0.201756275766401	0.5675	0.271853433333333	0.3126925	0.558520333333333
EFP16	3	3	0.209294	0.154014638955003	0.474166666666667	0.40412915	0.36976101	0.461440166666667
EFP16	3	4	0.095559	0.114786467318838	0.519166666666667	0.4073255	0.3810915	0.517130166666667
EFP16	3	5	-0.041176	-0.115774093864688	0.519166666666667	0.366549627118644	0.3995446	0.507284
EFP16	4	1	0.50323	0.318586978464333	0.413333333333333	-0.10330575	-0.17556195	0.398922
EFP16	4	2	-0.289062	-0.330666726530353	0.61	-0.0377102816666667	0.05270373	0.561806166666667
EFP16	4	3	-0.067798	-0.331415900073063	0.604166666666667	-0.04494331	0.04228046	0.525343
EFP16	4	4	-0.059627	0.100709389202034	0.485	0.00459660833333334	-0.0215735	0.5225215
EFP16	4	5	0.327109	0.392105444531859	0.394166666666667	0.0656789355932203	-0.028242136	0.442107333333333
EFP17	1	1	0.797337	0.869067135234305	0.246666666666667	0.222931235	0.077438575	0.325021166666667
EFP17	1	2	-0.211317	-0.290989376633053	0.566666666666667	0.2048436	0.2576785	0.537015333333333
EFP17	1	3	-0.063259	-0.164290910026531	0.5225	0.154371296666667	0.18674165	0.5081035
EFP17	1	4	-0.699817	-0.649764389348201	0.675	0.0900022563333333	0.273548725	0.609763166666667
EFP17	1	5	-0.068683	-0.141669045917678	0.540833333333333	0.0610552813559322	0.0993109	0.510389166666667
EFP17	2	1	0.55426	0.659610058563503	0.263333333333333	0.184705381666667	0.0774247	0.348379833333333
EFP17	2	2	1.147639	1.09026245997974	0.203333333333333	0.299994051666667	0.07504352	0.283533166666667
EFP17	2	3	-0.625567	-0.577725572681943	0.65	0.17728605	0.3148259	0.620971833333333
EFP17	2	4	0.252925	0.243794889098072	0.4325	0.221125216666667	0.1656732	0.448688
EFP17	2	5	-0.380883	-0.362471130881664	0.615833333333333	0.257465745762712	0.3287755	0.595062833333333
EFP17	3	1	0.746801	0.780269869759309	0.321666666666667	-0.0513813683333333	-0.21013895	0.360331166666667
EFP17	3	2	-0.043539	-0.0956117053476259	0.519166666666667	-0.0798750233333334	-0.05881525	0.506541166666667
EFP17	3	3	0.358917	0.213047801246446	0.438333333333333	0.0159488341666667	-0.02772695	0.426228
EFP17	3	4	-0.02881	0.0243476469923382	0.495	-0.0142079051666667	-0.019592195	0.5184885
EFP17	3	5	-0.78009	-0.704154632972322	0.679166666666667	-0.316899322033898	-0.09719986	0.644974833333333
EFP17	4	1	0.201725	0.382905132860373	0.418333333333333	0.374620633333333	0.3092504	0.465041833333333
EFP17	4	2	0.665903	0.673846037690723	0.315833333333333	0.4014784	0.22091455	0.3952075
EFP17	4	3	-0.435398	-0.478388132493691	0.638333333333333	0.352835266666667	0.46928765	0.589154333333333
EFP17	4	4	0.485159	0.352907093044027	0.376666666666667	0.197969921666667	0.11943035	0.392762333333333
EFP17	4	5	-0.801073	-0.62574907015341	0.6475	0.288303083050847	0.4356412	0.624319666666667
EFP17	5	1	0.837419	0.679589101004411	0.289166666666667	-0.185149713333333	-0.337907	0.346062666666667
EFP17	5	2	-0.583375	-0.536462304187595	0.635833333333333	-0.467564883333333	-0.3490351	0.588970666666667
EFP17	5	3	0.363316	0.180732791375081	0.455833333333333	-0.272988983333333	-0.322848285	0.424310333333333
EFP17	5	4	-0.226802	-0.192715685660096	0.53	-0.379770533333333	-0.335246008	0.539076333333333
EFP17	5	5	-0.94046	-1.00451200991556	0.764166666666667	-0.510862016949153	-0.2735804	0.682515666666667
EFP17	6	1	0.924584	0.936509339346552	0.229166666666667	0.386479518333333	0.1608859347	0.328310833333333
EFP17	6	2	-0.327424	-0.33832427162361	0.560833333333333	0.313529316666667	0.3820453	0.554977666666667
EFP17	6	3	0.209539	0.0657272642731339	0.450833333333333	0.29235859	0.27654265	0.422011833333333
EFP17	6	4	0.108048	0.0636060023995072	0.468333333333333	0.357288583333333	0.34089835	0.4718475
EFP17	6	5	0.490788	0.396024903559343	0.3875	0.34987846440678	0.2630818	0.406121666666667
EFP17	7	1	-0.891269	-0.886127309950427	0.7225	-0.436495483333333	-0.23257945	0.634168
EFP17	7	2	1.774945	1.78889302406241	0.118333333333333	0.09072115	-0.45282829695	0.2285045
EFP17	7	3	0.192142	0.201503225203098	0.471666666666667	0.05067374	-0.01550496	0.467695166666667
EFP17	7	4	-0.678189	-0.678259040896331	0.708333333333333	-0.0872932483333333	0.11701625	0.657095166666667
EFP17	7	5	-0.666151	-0.685482935616817	0.695833333333333	-0.504036672881356	-0.28661775	0.647876333333333
EFP17	8	1	0.124871	0.159697041137543	0.459166666666667	0.0859860133333333	0.05425005	0.475670833333333
EFP17	8	2	0.607794	0.502916193443265	0.343333333333333	0.107973963333333	0.00706391	0.383574666666667
EFP17	8	3	0.244792	0.157792502938557	0.478333333333333	0.0487015983333333	0.022477125	0.45246
EFP17	8	4	-0.110645	-0.00227072318590748	0.481666666666667	-0.0746302633333333	-0.0741677	0.514809833333333
EFP17	8	5	-0.704386	-0.813191330135077	0.721666666666667	-0.0735424576271187	0.04132634	0.652826166666667
EFP17	9	1	0.561232	0.543092342188331	0.3375	0.418729444666667	0.27024952	0.411661666666667
EFP17	9	2	-0.646039	-0.635823938090559	0.68	0.280455040616667	0.39835325	0.6139635
EFP17	9	3	-0.344353	-0.481590786424738	0.6125	0.33221856	0.43891315	0.560525166666667
EFP17	9	4	1.366943	1.33313732045879	0.144166666666667	0.398857335	0.18593405	0.233681333333333
EFP17	9	5	1.1672	1.07973728723738	0.205833333333333	0.471977576271186	0.2852757	0.273124833333333
EFP17	10	1	0.381727	0.226408540766108	0.444166666666667	-0.266381305	-0.3203986	0.449078833333333
EFP17	10	2	1.432301	1.37280945852176	0.146666666666667	0.0776282916666667	-0.32854373	0.232277
EFP17	10	3	0.353799	0.282390333302279	0.420833333333333	-0.0232857333333333	-0.0854751	0.440245833333333
EFP17	10	4	1.13558	1.01851006141934	0.285833333333333	0.0135067266666667	-0.29522175	0.3378825
EFP17	10	5	-0.554025	-0.551241649373613	0.631666666666667	-0.031878779661017	0.0683005	0.610448666666667
EFP18	1	1	-0.321286	-0.515604814946515	0.593333333333333	-0.882422833333333	-0.7462325	0.539741
EFP18	1	2	0.54995	0.620726049400583	0.364166666666667	-0.301504133333333	-0.40798475	0.417314833333333
EFP18	1	3	1.193351	1.13922183966338	0.228333333333333	0.115616921666667	-0.0702228	0.324508166666667
EFP18	1	4	0.107015	0.207451905620067	0.4075	0.109522716666667	0.067079225	0.484720666666667
EFP18	1	5	0.785917	0.540489681535579	0.328333333333333	0.133449833898305	0.04715265	0.349937333333333
EFP18	2	1	-0.398975	-0.32671002822129	0.565833333333333	0.058336765	0.1359087	0.574861666666667
EFP18	2	2	-0.5975	-0.612868046250279	0.669166666666667	0.22320695	0.4194638	0.594412833333333
EFP18	2	3	-0.108911	-0.0396539012918896	0.485833333333333	0.23516268	0.2476374045	0.5180215
EFP18	2	4	-0.928575	-0.872932439362998	0.711666666666667	0.05784295	0.38990825	0.6575295
EFP18	2	5	-0.00595	-0.0704063659655428	0.530833333333333	0.0896020983050848	0.1175495	0.497392833333333
EFP18	3	1	-0.797001	-0.80320032160947	0.733333333333333	-0.322338783333333	-0.135490655	0.679877833333334
EFP18	3	2	-1.518566	-1.51489917145904	0.861666666666667	-0.381656436666667	0.06369971	0.740794833333333
EFP18	3	3	-0.17332	-0.240161704975777	0.5675	-0.348404333333333	-0.2750515	0.428563666666667
EFP18	3	4	-1.507208	-1.20888320166746	0.7875	-1.01308333333333	-0.63380145	0.728633
EFP18	3	5	0.246197	0.311200202589775	0.394166666666667	-1.15861254237288	-1.26265	0.361111
EFP18	4	1	-0.757933	-0.661796704338083	0.658333333333333	0.0929957666666667	0.2371565085	0.618988166666667
EFP18	4	2	-0.582796	-0.589643555675998	0.6225	0.0976510636666667	0.198234205	0.589371
EFP18	4	3	-0.305673	-0.296813324365688	0.575833333333333	0.0412110533333333	0.09276335	0.555088166666667
EFP18	4	4	1.278093	1.12215181942689	0.208333333333333	0.275919505	0.0774205	0.291622333333333
EFP18	4	5	-0.804161	-0.749180940872451	0.703333333333333	0.244200962711864	0.4417801	0.655246
EFP18	5	1	-0.811867	-0.732843395584673	0.681666666666667	-0.321508216666667	-0.17536145	0.6347625
EFP18	5	2	0.12876	0.116414840511674	0.46	-0.326085783333333	-0.3481961	0.483172333333333
EFP18	5	3	-1.120921	-1.16425557750212	0.784166666666667	-0.4970766	-0.17868975	0.684663333333333
EFP18	5	4	0.096372	-0.0653559737470924	0.5225	-0.421329575	-0.4067535	0.456915
EFP18	5	5	0.284479	0.418103575612169	0.4	-0.358816061016949	-0.459086465	0.451586166666667
EFP18	6	1	1.119658	1.01340472179338	0.230833333333333	-0.147336217333333	-0.40189375	0.3308875
EFP18	6	2	0.89561	0.750379464689091	0.28	0.0186991893333333	-0.17887875	0.326601166666667
EFP18	6	3	0.927978	0.857571177590633	0.294166666666667	0.130024296666667	-0.12085715	0.3441465
EFP18	6	4	0.530732	0.531744981976647	0.346666666666667	0.227677833333333	-0.0210281	0.408341666666667
EFP18	6	5	0.206407	0.118459613252668	0.489166666666667	0.355414576271186	0.31677925	0.4671935
EFP18	7	1	-0.673825	-0.520547692149455	0.6375	0.00378410833333333	0.1189603	0.624153666666667
EFP18	7	2	0.177685	0.141800102079305	0.480833333333333	0.134453641666667	0.0991318	0.468526333333333
EFP18	7	3	-0.419117	-0.435795413913914	0.619166666666667	0.07114751	0.16414131	0.584917666666667
EFP18	7	4	-0.550003	-0.635402559859397	0.648333333333333	0.01390275895	0.16168255	0.587379
EFP18	7	5	-0.426787	-0.304047038546229	0.579166666666667	0.0591546152542373	0.11804625	0.570246666666667
EFP18	8	1	0.461126	0.355952573991664	0.3575	-0.58406325	-0.7041165	0.415588833333333
EFP18	8	2	-0.866208	-0.784170209561408	0.698333333333333	-0.505567766666667	-0.23237375	0.658345166666667
EFP18	8	3	0.732729	0.605191408162294	0.32	-0.345770866666667	-0.536777395	0.331212166666667
EFP18	8	4	-0.601141	-0.552709486206029	0.655	-0.389166866666667	-0.14293535	0.627741
EFP18	8	5	0.335733	0.194203071991671	0.4475	-0.290205105084746	-0.34725805	0.439967833333333
EFP18	9	1	0.1702	0.0968040153907698	0.491666666666667	-0.08441895	-0.11159855	0.471499333333333
EFP18	9	2	-0.140237	-0.181856079620603	0.578333333333333	-0.222867466666667	-0.17691398	0.533370166666667
EFP18	9	3	-0.05961	0.0761882427430639	0.483333333333333	-0.188870316666667	-0.2059984	0.516134333333333
EFP18	9	4	0.176208	0.0754070123920983	0.5175	-0.279919733333333	-0.29537565	0.474963833333333
EFP18	9	5	-0.269165	-0.294382767327381	0.580833333333333	-0.39480306779661	-0.3169962	0.561820833333333
EFP18	10	1	0.808579	0.648690356412561	0.330833333333333	0.371394186666667	0.2446748	0.360882666666667
EFP18	10	2	-0.151715	-0.236722947706972	0.591666666666667	0.12659526	0.16573933115	0.529508666666667
EFP18	10	3	-0.671903	-0.56172595774105	0.670833333333333	-0.0444032333333333	0.08184255	0.627892666666667
EFP18	10	4	-0.646123	-0.753255945550724	0.7325	-0.1196174	0.11424755	0.650906333333333
EFP18	10	5	-0.457616	-0.465624628914511	0.596666666666667	-0.00901109491525423	0.069531905	0.574588666666667
EFP19	1	1	-1.137848	-1.12230553297237	0.81	-0.250849216666667	0.00408161	0.741617333333333
EFP19	1	2	-0.631478	-0.621461742472058	0.68	-0.244616218333333	-0.11160474	0.592077833333333
EFP19	1	3	-2.313699	-2.17367597048958	0.925	-0.368049032666667	0.196953275	0.825324833333333
EFP19	1	4	-0.252069	-0.196297807455694	0.5525	-0.189872953333333	-0.137172555	0.305899833333333
EFP19	1	5	-0.523789	-0.506139790500699	0.655	-0.185310355932203	-0.00834654	0.617056
EFP19	2	1	-2.349321	-2.40559369504984	0.969166666666667	-0.707055666666667	-0.0962753	0.836235
EFP19	2	2	-0.519224	-0.511933090966885	0.6775	-0.6046045	-0.415458	0.373216666666667
EFP19	2	3	-0.188397	-0.0897744559002518	0.5525	-0.533997766666667	-0.502023715	0.543316333333333
EFP19	2	4	-0.158566	-0.270706847467263	0.57	-0.935552616666667	-0.8380235	0.538224166666667
EFP19	2	5	0.166576	0.146296567557119	0.465	-0.707380133898305	-0.7599795	0.465627
EFP19	3	1	0.02014	0.0620047819554886	0.488333333333333	-0.167575551666667	-0.1830464	0.495126666666667
EFP19	3	2	0.369909	0.328340652561972	0.425	0.155375883333333	0.0675953	0.442614833333333
EFP19	3	3	0.039179	0.0157976669868736	0.489166666666667	0.0882253233333333	0.083231835	0.4974025
EFP19	3	4	0.02056	0.00195584178754151	0.489166666666667	0.0191712566666667	0.01860399	0.486216166666667
EFP19	3	5	0.385858	0.238308577710037	0.421666666666667	0.0243263220338983	-0.0448783	0.425767
EFP19	4	1	-1.355343	-1.19078809914282	0.838333333333333	-0.260160733333333	-0.00165157999999999	0.777251
EFP19	4	2	-0.834015	-0.873923982175239	0.755	-0.272374296666667	-0.0521053345	0.576081
EFP19	4	3	0.309751	0.408097907553525	0.363333333333333	-0.142013983333333	-0.24194335	0.423418833333333
EFP19	4	4	-0.249223	-0.156717750372221	0.578333333333333	-0.12943128	-0.0792988	0.5642355
EFP19	4	5	-0.037119	-0.101588370435078	0.54	-0.103411016949153	-0.06972606	0.5094355
EFP19	5	1	0.153819	-0.0296628445035983	0.475833333333333	-0.429975483333333	-0.42192295	0.477327333333333
EFP19	5	2	-2.08048	-1.89147854897315	0.918333333333333	-0.638338483333333	-0.0655077	0.840021833333333
EFP19	5	3	-1.341544	-1.39493275179093	0.8225	-0.726853666666667	-0.32171862	0.501321333333333
EFP19	5	4	-0.958008	-0.912365868549146	0.735833333333333	-0.548889183333333	-0.25319485	0.610985333333333
EFP19	5	5	-0.460837	-0.53860398617062	0.6025	-0.649407084745763	-0.48887931235	0.58434
EFP19	6	1	-0.296254	-0.249524282362203	0.525833333333333	-0.083842955	-0.0410143	0.5399595
EFP19	6	2	-1.345209	-1.41780626569329	0.854166666666667	-0.179594445	0.12413895	0.748705
EFP19	6	3	-0.212987	0.094772094104667	0.486666666666667	-0.0851205116666667	-0.1046137	0.473241166666667
EFP19	6	4	-0.815716	-0.750361796119249	0.711666666666667	-0.0950176966666667	0.08553657	0.65846
EFP19	6	5	-0.536325	-0.497688790772933	0.6375	-0.120561362711864	-0.011187	0.584352833333333
EFP19	7	1	0.377759	0.395640506974756	0.388333333333333	0.09247295	-0.02604525	0.428806833333333
EFP19	7	2	0.257723	0.456997775807971	0.370833333333333	0.119255738333333	-0.03146015	0.446219666666667
EFP19	7	3	0.135797	0.0785897201205444	0.4575	0.2668934	0.23579785	0.476768833333333
EFP19	7	4	0.335646	0.308724410061147	0.404166666666667	0.384823283333333	0.2693751	0.432538
EFP19	7	5	0.644023	0.56339591656381	0.330833333333333	0.316708305084746	0.08662346	0.363932333333333
EFP19	8	1	-0.51052	-0.461025720083546	0.690833333333333	-0.347885416666667	-0.22410687	0.627044833333333
EFP19	8	2	0.698257	0.597238080277125	0.339166666666667	-0.343099183333333	-0.5216325	0.359141666666667
EFP19	8	3	0.724638	0.758460357867105	0.299583333333333	-0.21772095	-0.47535355	0.355879166666667
EFP19	8	4	-0.025336	-0.156991766494588	0.5475	-0.296463416666667	-0.236815965	0.509059666666667
EFP19	8	5	-0.147308	-0.102666750037913	0.505	-0.324297749152542	-0.2870866	0.534137
EFP19	9	1	0.646727	0.644586534091467	0.358333333333333	0.3462009	0.22157435	0.408269666666667
EFP19	9	2	0.034428	-0.0457937577820348	0.506666666666667	0.345262556666667	0.35742945	0.491118666666667
EFP19	9	3	-0.039649	-0.140618833846919	0.555	0.49258135	0.535011	0.517760166666667
EFP19	9	4	0.119491	0.0286078981220168	0.48	0.504660066666667	0.4960165	0.470387833333333
EFP19	9	5	-0.259273	-0.32441899274649	0.589166666666667	0.463137	0.565216405	0.548914333333333
EFP19	10	1	-1.260673	-1.19202388163219	0.714166666666667	-0.107434641666667	0.1628896	0.632613333333333
EFP19	10	2	-0.659526	-0.690555339975584	0.6525	-0.0267367248333333	0.1275281	0.555173
EFP19	10	3	0.009991	0.0609432417295205	0.515833333333333	0.0436848083333333	0.02792663	0.498446333333333
EFP19	10	4	0.296045	0.440610888572665	0.371666666666667	0.230368355	0.094059295	0.452956
EFP19	10	5	0.352626	0.329161326284446	0.369166666666667	0.172089796610169	0.06071185	0.424966166666667
EFP21	1	1	-0.377585	-0.30306074541524	0.589166666666667	0.01788424	0.0612704	0.588326
EFP21	1	2	-0.946695	-0.909644997017675	0.765833333333333	-0.11817299	0.0225102	0.6645305
EFP21	1	3	0.066788	0.0796488659699521	0.4375	-0.03021016	-0.0411283	0.491265333333333
EFP21	1	4	0.318419	0.283851101002155	0.464166666666667	0.187939433333333	0.147770175	0.45807
EFP21	1	5	-1.018403	-1.02233111096048	0.774166666666667	0.0608442152542373	0.2255387	0.7170955
EFP22	1	1	0.168899	0.134994225248088	0.479166666666667	-0.073395535	-0.099181085	0.475427833333333
EFP22	1	2	0.747039	0.753014024472424	0.315	0.0416889618333333	-0.11048107	0.379309833333333
EFP22	1	3	-0.262733	-0.138277679847791	0.598333333333333	-0.1610509	-0.13616546	0.554109666666667
EFP22	1	4	-0.152604	-0.278689229755654	0.608333333333333	-0.117672259833333	-0.059382065	0.523398
EFP22	1	5	0.07314	0.205256743947615	0.445	-0.0876158525423729	-0.1362745	0.4921165
EFP22	2	1	-0.718847	-0.848684527696264	0.756666666666667	-0.21386374	-0.01435555	0.648691833333333
EFP22	2	2	0.239619	0.130247788589283	0.438333333333333	-0.211406848333333	-0.23589	0.458128166666667
EFP22	2	3	-0.651176	-0.800647413019871	0.720833333333333	-0.296279566666667	-0.11873945	0.6556215
EFP22	2	4	0.601408	0.723895386698986	0.325	-0.0584847688333333	-0.19178602	0.399158333333333
EFP22	2	5	-0.097763	-0.0443507835540636	0.508333333333333	-0.0869755	-0.07956842	0.521277333333333
EFP22	3	1	0.014608	0.14871662094922	0.413333333333333	0.0233151238333333	-0.00410967999999999	0.485173
EFP22	3	2	-0.146063	-0.13371661212791	0.534166666666667	-0.0372589	-0.00753936500000001	0.5290765
EFP22	3	3	0.400898	0.249125068420647	0.428333333333333	-0.160118138	-0.2280413995	0.418662833333333
EFP22	3	4	-0.674397	-0.659466723390601	0.681666666666667	-0.165094003666667	-0.01651748	0.646333666666667
EFP22	3	5	0.420717	0.445676022671277	0.353333333333333	-0.00398278305084746	-0.099257235	0.4147425
EFP22	4	1	-0.223287	-0.217276959431968	0.535833333333333	-0.0750178068333333	-0.0356606	0.538230333333333
EFP22	4	2	1.139352	1.13492305510209	0.263333333333333	0.152521505233333	-0.09855995	0.352453333333333
EFP22	4	3	0.226687	0.103895853693243	0.4425	-0.0410997833333333	-0.0702994	0.460981666666667
EFP22	4	4	0.813817	0.736968588849258	0.288333333333333	-0.010850389	-0.18723225	0.339972166666667
EFP22	4	5	0.355771	0.234097461531132	0.4225	0.0272654983050847	-0.025269105	0.422346166666667
EFP22	5	1	-0.017739	0.0488458750251119	0.505	-0.120720465	-0.1358066	0.519481666666667
EFP22	5	2	-0.32857	-0.259441182788331	0.563333333333333	-0.148748451666667	-0.077859644	0.569711666666667
EFP22	5	3	0.273135	0.31121670323177	0.41	-0.179663411666667	-0.27189745	0.444558333333333
EFP22	5	4	-0.002092	-0.0400510704184973	0.538333333333333	-0.267973153333333	-0.25875525	0.504139166666667
EFP22	5	5	-0.213944	-0.263405897075701	0.575833333333333	-0.540695016949152	-0.4777525	0.541095166666667
EFP23	1	1	-1.256848	-1.1400791833069	0.768333333333333	-0.177101143166667	0.0363935	0.679276666666667
EFP23	1	2	-0.77408	-0.620334406290778	0.673333333333333	-0.06127019	0.062313485	0.5956175
EFP23	1	3	0.079249	0.125186039728074	0.363333333333333	0.123316643333333	0.0851760412	0.490166333333333
EFP23	1	4	0.078233	0.116455131058637	0.444166666666667	0.02714161	0.00131535	0.4846965
EFP23	1	5	-0.947103	-0.996963329722274	0.725	-0.0733832389830509	0.21204905	0.652478666666667
EFP23	2	1	0.688854	0.509774223787827	0.343333333333333	-0.0191731616666667	-0.14622165	0.3751865
EFP23	2	2	-0.378255	-0.279300676676488	0.541666666666667	0.0541739161666667	0.122783801	0.564650666666667
EFP23	2	3	-0.279547	-0.39010603073748	0.611666666666667	-0.08302514	0.00580955000000001	0.559647666666667
EFP23	2	4	0.002943	-0.0410109165885968	0.4975	-0.0379822876666667	-0.0257628	0.495708166666667
EFP23	2	5	0.101387	-0.00211329319145072	0.5	-0.162588744067797	-0.16197645	0.481805333333333
EFP23	3	1	-0.688649	-0.710805905677229	0.703333333333333	-0.0487292166666667	0.14146035	0.626012666666667
EFP23	3	2	-0.183755	-0.233399608319244	0.570833333333333	0.0420130183333333	0.121712925	0.54112
EFP23	3	3	-0.173864	-0.122819408230547	0.5425	0.070195083	0.121285435	0.534642833333333
EFP23	3	4	0.040509	-0.0429837950748985	0.525	0.10679165	0.1240987	0.497239833333333
EFP23	3	5	0.21284	-0.00388462227686167	0.483333333333333	0.106228291525424	0.10768415	0.450543
EFP23	4	1	0.59187	0.502777100236966	0.35	-0.155619454933333	-0.30705005	0.378912333333333
EFP23	4	2	-0.49671	-0.560965617624819	0.658333333333333	-0.250841066666667	-0.044629335	0.582622333333333
EFP23	4	3	0.253978	0.199140122140205	0.455	-0.218058291666667	-0.28093976	0.444309666666667
EFP23	4	4	-0.452331	-0.510454713481757	0.6425	-0.163534175	0.045373505	0.577162833333333
EFP23	4	5	-0.878248	-0.896209408378008	0.741666666666667	-0.188450547457627	0.13940335	0.654454333333333
EFP23	5	1	0.375399	0.244364866615724	0.4225	-0.302461918333333	-0.34604736	0.440382833333333
EFP23	5	2	-1.057561	-1.00785128260398	0.761666666666667	-0.322721875	-0.10012324	0.664509166666667
EFP23	5	3	-0.87366	-0.854607329699931	0.720833333333333	-0.232931595	-0.02435405	0.6074145
EFP23	5	4	-1.470186	-1.40268819114988	0.850833333333333	-0.245830008333333	0.09090152	0.715395
EFP23	5	5	-0.538171	-0.575218094773098	0.69	-0.181064847457627	-0.037779725	0.560002666666667
EFP23	6	1	-0.059174	-0.0545273884372741	0.493333333333333	-0.086856148	-0.0725628	0.5121235
EFP23	6	2	-0.480469	-0.398794796698761	0.6225	0.054502275	0.16099769	0.597027166666667
EFP23	6	3	-0.462337	-0.33272491265267	0.5725	-0.0228190276666667	0.06260975	0.574761333333333
EFP23	6	4	0.332784	0.326509542526619	0.3875	0.000980420000000004	-0.09924405	0.433818166666667
EFP23	6	5	-0.295202	-0.286708774598315	0.5775	1.96779661016906e-05	0.08886365	0.552020666666667
EFP23	7	1	0.95496	0.727517216041343	0.348333333333333	-0.048371205	-0.23224915	0.342035166666667
EFP23	7	2	-1.036566	-0.895332932137589	0.748333333333333	-0.176851083333333	0.044732084	0.659491333333333
EFP23	7	3	-0.631664	-0.597667849086164	0.6525	-0.0480168116666667	0.102244335	0.5836685
EFP23	7	4	-0.185095	-0.165967887446847	0.545	0.0216661416666667	0.064594365	0.537319333333333
EFP23	7	5	-0.032207	-0.0437974881543019	0.520833333333333	-0.018203506779661	-0.0061298	0.5101715
EFP23	8	1	-0.865272	-0.890781063421263	0.788333333333333	-0.129457055	0.061102435	0.7027245
EFP23	8	2	0.082426	0.0273625362659497	0.483333333333333	-0.09112537	-0.0972747	0.483056166666667
EFP23	8	3	-0.216217	-0.306146486503124	0.586666666666667	-0.187672816833333	-0.117042885	0.565760333333333
EFP23	8	4	0.622704	0.515257893719256	0.3325	-0.1250365	-0.2513220505	0.3695295
EFP23	8	5	0.355448	0.221472706360654	0.408333333333333	-0.107567776271186	-0.1555574	0.436083333333333
EFP23	9	1	-0.271655	-0.204743069727336	0.624166666666667	-0.206957913333333	-0.1549795	0.605512666666667
EFP23	9	2	-0.813477	-0.72945131726737	0.708333333333333	-0.293593048333333	-0.126958135	0.660750166666667
EFP23	9	3	-0.402248	-0.349678251410222	0.524166666666667	-0.29228235	-0.20776285	0.552124
EFP23	9	4	0.475597	0.376499861497025	0.368333333333333	-0.242768733333333	-0.3171635	0.421480333333333
EFP23	9	5	0.501485	0.29891926157891	0.419166666666667	-0.275551849661017	-0.3286678	0.4005465
EFP23	10	1	-0.300444	-0.291374810309205	0.5925	-0.0542038375	0.00988730000000001	0.543124
EFP23	10	2	-1.141479	-1.00306874550829	0.776666666666667	-0.156082151666667	0.0956583	0.7015165
EFP23	10	3	-0.694581	-0.81452377792382	0.659166666666667	-0.171676366666667	0.0230799	0.560408166666667
EFP23	10	4	0.025586	0.20997863055869	0.44	-0.157936156666667	-0.20549245	0.5001905
EFP23	10	5	-0.508671	-0.530392304989217	0.662083333333333	-0.187633813559322	-0.06874575	0.598507166666667
EFP24	1	1	0.591152	0.622972610863394	0.345	0.34475474	0.102208472	0.396663166666667
EFP24	1	2	-0.665189	-0.728533432264904	0.695833333333333	0.49901485	0.716533	0.623918666666667
EFP24	1	3	0.187265	0.110828513288636	0.4675	0.575565116666667	0.540039605	0.468657333333333
EFP24	1	4	-0.80185	-0.693025613529624	0.6475	0.3935544	0.6956187	0.6320335
EFP24	1	5	0.01387	-0.102577635888993	0.519166666666667	0.516666101694915	0.55643855	0.495695833333333
EFP25	1	1	0.334772	0.414810764898964	0.384166666666667	-0.06698731	-0.1431306	0.443006166666667
EFP25	1	2	0.125618	0.177132934589687	0.426666666666667	-0.0520889883333333	-0.0823049	0.483843166666667
EFP25	1	3	-0.134649	-0.149383142717069	0.533333333333333	-0.0452991133333333	-0.018232295	0.521047166666667
EFP25	1	4	-0.266902	-0.249173352577044	0.546666666666667	0.0106610483333333	0.05960134	0.5490095
EFP25	1	5	-0.563584	-0.430187831391059	0.596666666666667	-0.0209946133898305	0.0666977	0.5935975
EFP25	2	1	-0.062612	-0.0959339608768486	0.565	-0.02280526	-0.009055815	0.530882666666667
EFP25	2	2	0.375439	0.396789318527501	0.416666666666667	-0.0650868461666667	-0.12451502	0.450709333333333
EFP25	2	3	-0.156101	-0.166465851389987	0.5375	-0.068081145	-0.0399651	0.528168833333333
EFP25	2	4	-0.250124	-0.33621310205567	0.58375	-0.180968618333333	-0.12650545	0.548868666666667
EFP25	2	5	-0.592518	-0.497691840951854	0.591666666666667	-0.240886354237288	-0.169154075	0.599577666666667
EFP33	1	1	-0.030129	-0.0164383447915791	0.513333333333333	0.120166256616667	0.12422315	0.505811333333333
EFP33	1	2	-0.073063	-0.296281817726272	0.566666666666667	-0.0132804816666667	0.05683525	0.514165833333333
EFP33	1	3	0.451182	0.288179502910349	0.408333333333333	0.0615782	-0.0229505	0.413831333333333
EFP33	1	4	0.362373	0.352198138821775	0.421666666666667	0.096174	0.006763045	0.4285225
EFP33	1	5	-0.359202	-0.405583327492407	0.600833333333333	0.0259602337457627	0.1200426	0.566217333333333
EFP33	2	1	-0.519654	-0.431567168908664	0.62	-0.00540991216666667	0.1184618	0.603235333333333
EFP33	2	2	-0.389595	-0.230354689343419	0.565833333333333	0.0484503921666667	0.1039196	0.5724055
EFP33	2	3	-0.444224	-0.411671076876735	0.616666666666667	0.0536636333333333	0.18551185	0.567956333333333
EFP33	2	4	0.551467	0.552871272963407	0.325	0.0860055916666667	-0.07261505	0.412780833333333
EFP33	2	5	0.437057	0.602251358993563	0.323333333333333	0.279806516949152	0.11158466	0.406737166666667
EFP33	3	1	-0.765066	-0.754686625983501	0.734166666666667	-0.00421325666666666	0.1511844	0.67576
EFP33	3	2	0.808844	0.676461054801616	0.295833333333333	0.225809918333333	0.08880165	0.3253675
EFP33	3	3	-1.818989	-1.75647619874844	0.928333333333333	0.0521625233333333	0.4936405	0.827687833333333
EFP33	3	4	0.415883	0.507801135641503	0.3525	0.201418811666667	0.04353075	0.2845175
EFP33	3	5	0.183545	0.172650720940015	0.445416666666667	0.332186406779661	0.27536835	0.454699
EFP33	4	1	-0.50345	-0.474229669466742	0.655833333333333	-0.09124311	0.00631595	0.6113265
EFP33	4	2	-0.028374	0.0771772260369318	0.483333333333333	-0.0183844333333333	-0.033679025	0.5045385
EFP33	4	3	-0.172894	-0.119771891129306	0.505833333333333	0.0656669866666667	0.095619655	0.521391
EFP33	4	4	0.152422	0.337079796205111	0.434166666666667	0.0588935333333333	-0.00546785	0.467922666666667
EFP33	4	5	0.772414	0.687810388213006	0.276666666666667	0.213681471186441	0.00908901	0.3202145
EFP33	5	1	-0.480216	-0.440086685073126	0.610833333333333	-0.232345803333333	-0.133623375	0.590734333333333
EFP33	5	2	0.175955	0.16858395400408	0.46	-0.0161375438333333	-0.0538006	0.470455833333333
EFP33	5	3	0.432998	0.300057335808159	0.424166666666667	0.0417946276666667	-0.03532715	0.420462166666667
EFP33	5	4	0.297543	0.311780218259438	0.378333333333333	0.154947438333333	0.062155455	0.430691666666667
EFP33	5	5	-0.856415	-0.915524476328148	0.730833333333333	-0.0514049610169492	0.18253745	0.656993333333333
EFP33	6	1	0.625331	0.512809348662581	0.361666666666667	-0.413686816666667	-0.5357615	0.3977375
EFP33	6	2	-0.782323	-0.730098436540441	0.705	-0.363637956666667	-0.11376315	0.670634166666667
EFP33	6	3	0.479523	0.506189584791781	0.341666666666667	-0.135244055	-0.27728046	0.411824166666667
EFP33	6	4	-0.171482	-0.0945925771767581	0.5275	-0.178934733333333	-0.1519103	0.539231666666667
EFP33	6	5	-0.37693	-0.506906159262416	0.6125	-0.23481193220339	-0.0991612	0.575155333333333
EFP33	7	1	-0.921477	-0.947644354964028	0.7625	-0.3278621935	-0.07567355	0.6850765
EFP33	7	2	0.650348	0.60974545855367	0.276666666666667	-0.0902092366666667	-0.259716	0.347039333333333
EFP33	7	3	0.591185	0.607886680259843	0.316666666666667	-0.0790033368333333	-0.27718055	0.368772666666667
EFP33	7	4	0.287295	0.234425223614522	0.461666666666667	-0.0487288711666667	-0.121384746	0.4506805
EFP33	7	5	0.625202	0.698178604617627	0.310416666666667	-0.00202034966101695	-0.1665653	0.384481333333333
EFP33	8	1	-1.17335	-1.13965861615471	0.8075	-0.430433461666667	-0.08243431	0.711563166666667
EFP33	8	2	1.008577	0.754883810917495	0.365833333333333	-0.182473015	-0.384902525	0.3260025
EFP33	8	3	-0.137996	-0.0868959382323165	0.520833333333333	-0.241040331666667	-0.2184426	0.525381
EFP33	8	4	-0.068832	0.11746897749031	0.51	-0.234616166666667	-0.26403516	0.511825333333333
EFP33	8	5	-0.154054	-0.252265464301085	0.584166666666667	-0.297326508474576	-0.2380029	0.536490333333333
EFP33	9	1	1.098137	1.22249703269096	0.1725	0.557584816666667	0.22760955	0.287450833333333
EFP33	9	2	-0.126812	-0.248763000133996	0.601666666666667	0.423411766666667	0.494222545	0.517671833333333
EFP33	9	3	0.025305	0.0932598431063055	0.468333333333333	0.413685468333333	0.3831263	0.4903515
EFP33	9	4	0.517136	0.501341758790679	0.374166666666667	0.5102581	0.3260843	0.416691166666667
EFP33	9	5	-0.348696	-0.300351352183559	0.533333333333333	0.408415691525424	0.52679565	0.551830333333333
EFP34	1	1	0.273353	0.283766454328744	0.419166666666667	0.0187740316666667	-0.0260668	0.450728
EFP34	1	2	-0.314859	-0.262499867615202	0.609166666666667	0.0502858016666667	0.10262176	0.551006333333333
EFP34	1	3	0.146749	-0.0366831372628696	0.514166666666667	-0.0361344133333333	-0.02754905	0.489929333333333
EFP34	1	4	-0.458801	-0.479542480989234	0.64	-0.030833385	0.07567504	0.609408333333333
EFP34	1	5	-0.045817	-0.0101243290682077	0.478333333333333	-0.0820776677966102	-0.080074585	0.504048666666667
EFP34	2	1	0.114862	-0.00711804140874454	0.474166666666667	0.0513018666666667	0.0530051	0.465587166666667
EFP34	2	2	0.126021	0.0637708796027133	0.469166666666667	0.0963124386666667	0.08101585	0.4839515
EFP34	2	3	-0.129501	-0.0871206960055157	0.550833333333333	-0.011107255	0.0113937	0.520102833333333
EFP34	2	4	-0.020107	-0.156859873326805	0.566666666666667	0.0307581066666667	0.070837507	0.504207666666667
EFP34	2	5	-0.148199	-0.133047927879593	0.5175	-0.0395938830508475	-0.00334105000000001	0.526457
EFP34	3	1	-0.022584	0.00746441212323032	0.499166666666667	-0.0800518343333333	-0.08186535	0.507769666666667
EFP34	3	2	0.619432	0.500583515047635	0.313333333333333	0.147297771333333	-0.08648265	0.350224333333333
EFP34	3	3	-0.37532	-0.368418100742043	0.594166666666667	-0.136377213333333	-0.06753176	0.560853333333333
EFP34	3	4	-0.176086	-0.221780119460832	0.586666666666667	-0.194022608333333	-0.138824725	0.532684166666667
EFP34	3	5	0.160403	0.146308122463756	0.461666666666667	-0.0795186898305085	-0.113330455	0.472671
EFP34	4	1	-0.102391	-0.137371878366746	0.551666666666667	0.140231805166667	0.1693344	0.525963333333333
EFP34	4	2	-0.089862	-0.0440244577438483	0.504166666666667	0.1362293465	0.144987755	0.515160166666667
EFP34	4	3	-0.21605	-0.24773157188914	0.529166666666667	0.06425613	0.1309092	0.536772166666667
EFP34	4	4	-0.786202	-0.789405274734203	0.735	0.113931638333333	0.3360216	0.666999333333333
EFP34	4	5	-0.940834	-0.970184495997435	0.7625	-0.00367969152542373	0.2661512	0.691541333333333
EFP34	5	1	-0.109379	-0.0726501993367284	0.55	-0.127947133333333	-0.1101733	0.540655166666667
EFP34	5	2	0.097729	0.127653735147968	0.420833333333333	-0.109748258333333	-0.13729629695	0.479732333333333
EFP34	5	3	-0.807492	-0.614320687088636	0.673333333333333	-0.069144415	0.0734468	0.661609833333333
EFP34	5	4	-0.128883	-0.415478406956273	0.595833333333333	-0.113158771666667	0.0105377	0.544961
EFP34	5	5	0.799074	0.753686465704274	0.295	-0.0626058525423729	-0.299451505	0.346778
EFP34	6	1	-0.348369	-0.33675173903916	0.611666666666667	0.03249782	0.1108314	0.553782666666667
EFP34	6	2	-0.108328	-0.197005518940345	0.584166666666667	0.003546545	0.049639925	0.517010833333333
EFP34	6	3	-0.477957	-0.535695693284746	0.670833333333333	-0.0392699366666667	0.1225325	0.592373833333333
EFP34	6	4	-0.017534	-0.0202469154342691	0.545833333333333	-0.16625645	-0.15790725	0.504341666666667
EFP34	6	5	0.17068	0.0264376414684805	0.455	-0.180041172881356	-0.18962614	0.459836833333333
EFP34	7	1	0.58648	0.47511775089603	0.378333333333333	-0.061188075	-0.1795899	0.395191
EFP34	7	2	-0.443541	-0.43701723351089	0.619166666666667	-0.141940196666667	-0.042846255	0.585647833333333
EFP34	7	3	0.487978	0.523540985316501	0.3525	-0.125963481666667	-0.27512813	0.400782166666667
EFP34	7	4	-0.831414	-0.617616107409241	0.670833333333333	-0.213439958333333	-0.0403229	0.661519666666667
EFP34	7	5	-0.499043	-0.436029504332326	0.585	-0.181056037288136	-0.0532122	0.5754205
EFP34	8	1	-0.333358	-0.381952064064515	0.576666666666667	0.073317275	0.148608065	0.563432833333333
EFP34	8	2	0.362347	0.341525589082559	0.4	0.0680034433333333	-0.02187375	0.432548666666667
EFP34	8	3	0.19899	0.281113283921376	0.414166666666667	0.0162647066666667	-0.05373165	0.457799666666667
EFP34	8	4	-0.705944	-0.680592079752961	0.6875	-0.0220978	0.17702315	0.631530666666667
EFP34	8	5	0.216215	0.209203670408397	0.408333333333333	0.0217731118644068	-0.04085605	0.462607833333333
EFP34	9	1	0.236739	0.191951813407792	0.448333333333333	0.0132136166666667	-0.02964565	0.455449333333333
EFP34	9	2	-0.427426	-0.43308341503563	0.651666666666667	0.0358691116666667	0.1239482	0.589321333333333
EFP34	9	3	-0.059903	-0.202940875663677	0.551666666666667	0.030131455	0.08377725	0.510332333333333
EFP34	9	4	0.331099	0.249883109109372	0.4125	-0.0396375366666667	-0.0992577	0.425589
EFP34	9	5	-0.013124	-0.0876428861460073	0.585	-0.0177208389830509	0.01123725	0.502687333333333
EFP34	10	1	0.283585	0.194524852963275	0.43	0.0763536733333333	0.024638515	0.454389666666667
EFP34	10	2	-0.243256	-0.216528241722081	0.55	0.0856531116666666	0.144937525	0.542753166666667
EFP34	10	3	-1.748612	-1.70238407917681	0.91	-0.0426378663333333	0.41142395	0.778712333333333
EFP34	10	4	-0.206802	-0.230308871463852	0.5625	-0.0869135016666667	-0.02257068	0.394018333333333
EFP34	10	5	-0.010899	-0.120724738572683	0.495833333333333	0.106099215254237	0.14543455	0.501634
